A1: .nan
A2: .nan
A3: .nan
BV: .nan
G: .nan
GM: .nan
H: 18.6
H_sigma: .nan
IR: .nan
UB: .nan
a: 1.467859568011153
ad: 2.175016090102211
albedo: .nan
class: APO
closeness: 3159.2102481666775
condition_code: 0.0
data_arc: 10728.0
diameter: .nan
diameter_sigma: .nan
dv: 6.412687
e: 0.4817603383198333
epoch: 2458200.5
epoch_cal: 20180323.0
epoch_mjd: 58200.0
equinox: J2000
est_diameter: 0.6538518417986329
extent: .nan
first_obs: '1988-12-05'
full_name: 7753 (1988 XB)
i: 3.122907897058058
id: a0007753
inexact: .nan
last_obs: '2018-04-20'
ma: 205.092506234381
moid: 0.00649419
moid_jup: 3.26326
moid_ld: 2.5273439223
n: 0.5542137696661917
n_del_obs_used: 5.0
n_dop_obs_used: 7.0
n_obs_used: 879.0
name: .nan
neo: Y
om: 73.42321407276583
orbit_id: JPL 146
pdes: 7753.0
per: 649.5688481663519
per_y: 1.77842258224874
pha: Y
prefix: .nan
price: 217065344767.12106
producer: Otto Matic
profit: 31290623693.66874
prov_des: 1988 XB
q: 0.7607030459200959
rms: 0.52222
rot_per: .nan
saved: -128205453391.9751
score: 157.98051240833388
sigma_a: 1.0704e-09
sigma_ad: 1.5861e-09
sigma_e: 1.1533e-08
sigma_i: 4.3808e-06
sigma_ma: 3.6738e-06
sigma_n: 6.0621e-10
sigma_om: 3.8785e-05
sigma_per: 7.1051e-07
sigma_q: 1.7162e-08
sigma_tp: 6.9274e-06
sigma_w: 3.9407e-05
spec: B
spec_B: B
spec_T: .nan
spkid: 2007753.0
t_jup: 4.474
tp: 2458480.008561938
tp_cal: 20181227.5085619
two_body: .nan
w: 280.0881605218054
