A1: .nan
A2: .nan
A3: .nan
BV: 0.732
G: .nan
GM: .nan
H: 15.38
H_sigma: .nan
IR: .nan
UB: 0.235
a: 1.40413131028607
ad: 1.901624401514731
albedo: 0.64
class: APO
closeness: 2750.3652825345157
condition_code: 0.0
data_arc: 12941.0
diameter: 1.5
diameter_sigma: .nan
dv: 7.961385
e: 0.3543066717366376
epoch: 2458200.5
epoch_cal: 20180323.0
epoch_mjd: 58200.0
equinox: J2000
est_diameter: .nan
extent: .nan
first_obs: '1982-01-21'
full_name: 3103 Eger (1982 BB)
i: 20.92930118169699
id: a0003103
inexact: .nan
last_obs: '2017-06-27'
ma: 322.4118573239365
moid: 0.0790216
moid_jup: 3.70112
moid_ld: 30.752836072
n: 0.5923692258476281
n_del_obs_used: 1.0
n_dop_obs_used: 3.0
n_obs_used: 2871.0
name: Eger
neo: Y
om: 129.7661380941039
orbit_id: JPL 453
pdes: 3103.0
per: 607.7290721591281
per_y: 1.66387151857393
pha: N
prefix: .nan
price: 442747794263.0632
producer: Otto Matic
profit: 44755189249.79424
prov_des: 1982 BB
q: 0.9066382190574083
rms: 0.40259
rot_per: 5.7059
saved: 6335217935504.669
score: 137.5382641267258
sigma_a: 6.3721e-10
sigma_ad: 8.6298e-10
sigma_e: 1.7062e-08
sigma_i: 4.573e-06
sigma_ma: 3.6151e-06
sigma_n: 4.0324e-10
sigma_om: 5.1654e-06
sigma_per: 4.1369e-07
sigma_q: 2.3674e-08
sigma_tp: 6.1027e-06
sigma_w: 6.0827e-06
spec: Xe
spec_B: Xe
spec_T: .nan
spkid: 2003103.0
t_jup: 4.613
tp: 2458263.953908535
tp_cal: 20180525.4539085
two_body: .nan
w: 254.0756132293886
