A1: .nan
A2: .nan
A3: .nan
BV: .nan
G: .nan
GM: .nan
H: 15.3
H_sigma: .nan
IR: .nan
UB: .nan
a: 2.195033602922483
ad: 3.049806897040794
albedo: .nan
class: MCA
closeness: 2744.06296500336
condition_code: 0.0
data_arc: 16919.0
diameter: .nan
diameter_sigma: .nan
dv: 7.762945
e: 0.3894123957739237
epoch: 2458200.5
epoch_cal: 20180323.0
epoch_mjd: 58200.0
equinox: J2000
est_diameter: 2.988679546440889
extent: .nan
first_obs: '1971-08-01'
full_name: 3833 Calingasta (1971 SC)
i: 12.01835678904828
id: a0003833
inexact: .nan
last_obs: '2017-11-26'
ma: 110.3676068441911
moid: 0.332886
moid_jup: 2.37593
moid_ld: 129.54924462
n: 0.30306955708595
n_del_obs_used: .nan
n_dop_obs_used: .nan
n_obs_used: 762.0
name: Calingasta
neo: N
om: 170.1646269961907
orbit_id: JPL 17
pdes: 3833.0
per: 1187.846128332529
per_y: 3.25214545744703
pha: N
prefix: .nan
price: 20758468949237.42
producer: Otto Matic
profit: 2147079485838.225
prov_des: 1971 SC
q: 1.340260308804171
rms: 0.5415
rot_per: 199.0
saved: -17446757757427.594
score: 137.223148250168
sigma_a: 5.5826e-09
sigma_ad: 7.7565e-09
sigma_e: 5.746e-08
sigma_i: 6.349e-06
sigma_ma: 8.1573e-06
sigma_n: 1.1562e-09
sigma_om: 2.072e-05
sigma_per: 4.5316e-06
sigma_q: 1.2617e-07
sigma_tp: 2.5919e-05
sigma_w: 2.1399e-05
spec: Cb
spec_B: Cb
spec_T: .nan
spkid: 2003833.0
t_jup: 3.541
tp: 2457836.33407088
tp_cal: 20170323.8340709
two_body: .nan
w: 174.2018574190617
