A1: .nan
A2: .nan
A3: .nan
BV: .nan
G: .nan
GM: .nan
H: 15.9
H_sigma: .nan
IR: .nan
UB: .nan
a: 1.834916530574646
ad: 3.081750634383673
albedo: .nan
class: APO
closeness: 2704.4343579513934
condition_code: 0.0
data_arc: 11394.0
diameter: .nan
diameter_sigma: .nan
dv: 8.627164
e: 0.6795045349657146
epoch: 2458200.5
epoch_cal: 20180323.0
epoch_mjd: 58200.0
equinox: J2000
est_diameter: 2.2671452828784515
extent: .nan
first_obs: '1987-05-29'
full_name: 4341 Poseidon (1987 KF)
i: 11.85184103737931
id: a0004341
inexact: .nan
last_obs: '2018-08-08'
ma: 172.5127579467954
moid: 0.194487
moid_jup: 2.03297
moid_ld: 75.68850579
n: 0.3965332450427372
n_del_obs_used: .nan
n_dop_obs_used: .nan
n_obs_used: 515.0
name: Poseidon
neo: Y
om: 108.1074818223349
orbit_id: JPL 111
pdes: 4341.0
per: 907.8683931310734
per_y: 2.48560819474627
pha: N
prefix: .nan
price: 38134837148150.67
producer: Otto Matic
profit: 3497965545534.0625
prov_des: 1987 KF
q: 0.5880824267656186
rms: 0.50838
rot_per: 6.262
saved: -9766519883103.5
score: 135.24171789756969
sigma_a: 6.3547e-09
sigma_ad: 1.0673e-08
sigma_e: 4.6871e-08
sigma_i: 6.2282e-06
sigma_ma: 1.7394e-05
sigma_n: 2.0599e-09
sigma_om: 2.4225e-05
sigma_per: 4.7162e-06
sigma_q: 8.7288e-08
sigma_tp: 4.2023e-05
sigma_w: 2.6469e-05
spec: O
spec_B: O
spec_T: .nan
spkid: 2004341.0
t_jup: 3.689
tp: 2457765.4475545785
tp_cal: 20170111.9475546
two_body: .nan
w: 15.64683513010653
