A1: .nan
A2: .nan
A3: .nan
BV: 0.91
G: .nan
GM: .nan
H: 15.2
H_sigma: .nan
IR: .nan
UB: 0.5
a: 2.03310942807809
ad: 2.960648905067344
albedo: 0.22
class: AMO
closeness: 3217.7354589064125
condition_code: 0.0
data_arc: 13053.0
diameter: 2.8
diameter_sigma: .nan
dv: 6.28793
e: 0.4562171933195266
epoch: 2458200.5
epoch_cal: 20180323.0
epoch_mjd: 58200.0
equinox: J2000
est_diameter: .nan
extent: .nan
first_obs: '1982-02-28'
full_name: 3288 Seleucus (1982 DV)
i: 5.930740520415432
id: a0003288
inexact: .nan
last_obs: '2017-11-24'
ma: 145.1602446924744
moid: 0.102117
moid_jup: 2.00887
moid_ld: 39.74087289
n: 0.3399874940500322
n_del_obs_used: .nan
n_dop_obs_used: .nan
n_obs_used: 1621.0
name: Seleucus
neo: Y
om: 218.6529998518859
orbit_id: JPL 327
pdes: 3288.0
per: 1058.862476709284
per_y: 2.89900746532316
pha: N
prefix: .nan
price: 33521354818967.523
producer: Otto Matic
profit: 5019372669956.656
prov_des: 1982 DV
q: 1.105569951088836
rms: 0.47721
rot_per: 75.0
saved: -28173511189937.207
score: 160.90677294532063
sigma_a: 2.3643e-09
sigma_ad: 3.443e-09
sigma_e: 2.7174e-08
sigma_i: 3.3687e-06
sigma_ma: 5.9925e-06
sigma_n: 5.9307e-10
sigma_om: 3.9694e-05
sigma_per: 1.8471e-06
sigma_q: 5.5056e-08
sigma_tp: 1.7143e-05
sigma_w: 3.9786e-05
spec: K
spec_B: K
spec_T: S
spkid: 2003288.0
t_jup: 3.666
tp: 2457773.542399403
tp_cal: 20170120.0423994
two_body: .nan
w: 349.3093839062623
