A1: .nan
A2: .nan
A3: .nan
BV: .nan
G: .nan
GM: .nan
H: 13.2
H_sigma: .nan
IR: .nan
UB: .nan
a: 2.29923607248244
ad: 2.862297234994708
albedo: 0.059
class: MBA
closeness: 2687.349771246235
condition_code: 0.0
data_arc: 27761.0
diameter: 12.252
diameter_sigma: 0.077
dv: 8.464193
e: 0.2448905396235987
epoch: 2458200.5
epoch_cal: 20180323.0
epoch_mjd: 58200.0
equinox: J2000
est_diameter: .nan
extent: .nan
first_obs: '1941-09-26'
full_name: 1705 Tapio (1941 SL1)
i: 7.708957195083326
id: a0001705
inexact: .nan
last_obs: '2017-09-28'
ma: 352.1586844856807
moid: 0.731531
moid_jup: 2.57237
moid_ld: 284.68991927
n: 0.2827018999327625
n_del_obs_used: .nan
n_dop_obs_used: .nan
n_obs_used: 1857.0
name: Tapio
neo: N
om: 188.612220031967
orbit_id: JPL 29
pdes: 1705.0
per: 1273.426178195555
per_y: 3.48645086432732
pha: N
prefix: .nan
price: 1428148613330225.2
producer: Otto Matic
profit: 132677500443280.9
prov_des: 1941 SL1
q: 1.736174909970172
rms: 0.49042
rot_per: 54.8
saved: -843508394578404.0
score: 134.38748856231174
sigma_a: 7.3355e-09
sigma_ad: 9.1319e-09
sigma_e: 4.3576e-08
sigma_i: 4.1665e-06
sigma_ma: 9.9781e-06
sigma_n: 1.3529e-09
sigma_om: 2.9627e-05
sigma_per: 6.0941e-06
sigma_q: 1.0067e-07
sigma_tp: 3.5348e-05
sigma_w: 3.0646e-05
spec: B
spec_B: B
spec_T: .nan
spkid: 2001705.0
t_jup: 3.54
tp: 2458228.237045687
tp_cal: 20180419.7370457
two_body: .nan
w: 156.4709431101613
