A1: .nan
A2: .nan
A3: .nan
BV: .nan
G: .nan
GM: .nan
H: 14.7
H_sigma: .nan
IR: .nan
UB: .nan
a: 2.102859346653653
ad: 2.993641517457952
albedo: 0.36
class: AMO
closeness: 2734.8818150303805
condition_code: 0.0
data_arc: 10767.0
diameter: 2.3
diameter_sigma: .nan
dv: 7.886262
e: 0.4236052079383381
epoch: 2458200.5
epoch_cal: 20180323.0
epoch_mjd: 58200.0
equinox: J2000
est_diameter: .nan
extent: .nan
first_obs: '1989-03-10'
full_name: 5751 Zao (1992 AC)
i: 16.07205338850059
id: a0005751
inexact: .nan
last_obs: '2018-09-01'
ma: 198.728179741992
moid: 0.244068
moid_jup: 2.07389
moid_ld: 94.98394356
n: 0.323212937430001
n_del_obs_used: .nan
n_dop_obs_used: .nan
n_obs_used: 1319.0
name: Zao
neo: Y
om: 121.683166010689
orbit_id: JPL 205
pdes: 5751.0
per: 1113.816800968761
per_y: 3.04946420525328
pha: N
prefix: .nan
price: 1596122196384.7966
producer: Otto Matic
profit: 161964091740.78088
prov_des: 1992 AC
q: 1.212077175849355
rms: 0.51521
rot_per: 76.0
saved: 22838695295195.637
score: 136.76409075151903
sigma_a: 1.375e-08
sigma_ad: 1.9575e-08
sigma_e: 5.0569e-08
sigma_i: 5.8766e-06
sigma_ma: 3.5005e-05
sigma_n: 3.1701e-09
sigma_om: 1.358e-05
sigma_per: 1.0924e-05
sigma_q: 1.1055e-07
sigma_tp: 0.00011316
sigma_w: 2.2434e-05
spec: X
spec_B: X
spec_T: .nan
spkid: 2005751.0
t_jup: 3.581
tp: 2458699.4646192393
tp_cal: 20190803.9646192
two_body: .nan
w: 25.25522340884504
