A1: .nan
A2: .nan
A3: .nan
BV: .nan
G: .nan
GM: .nan
H: 14.4
H_sigma: .nan
IR: .nan
UB: .nan
a: 1.726449637101176
ad: 1.984347557108149
albedo: .nan
class: MCA
closeness: 2697.4158744236356
condition_code: 0.0
data_arc: 13864.0
diameter: .nan
diameter_sigma: .nan
dv: 8.634686
e: 0.1493805057875891
epoch: 2458200.5
epoch_cal: 20180323.0
epoch_mjd: 58200.0
equinox: J2000
est_diameter: 4.5235495454868335
extent: .nan
first_obs: '1980-06-06'
full_name: 4205 David Hughes (1985 YP)
i: 16.47858404659109
id: a0004205
inexact: .nan
last_obs: '2018-05-22'
ma: 132.5246598481425
moid: 0.552491
moid_jup: 3.43481
moid_ld: 215.01292247
n: 0.4344834147255481
n_del_obs_used: .nan
n_dop_obs_used: .nan
n_obs_used: 1012.0
name: David Hughes
neo: N
om: 276.5454732735131
orbit_id: JPL 19
pdes: 4205.0
per: 828.570177362012
per_y: 2.26850151228477
pha: N
prefix: .nan
price: 12142851484375.588
producer: Otto Matic
profit: 1109959886376.7532
prov_des: 1985 YP
q: 1.468551717094202
rms: 0.45286
rot_per: 24.0
saved: 173750409395102.2
score: 134.89079372118178
sigma_a: 5.6072e-09
sigma_ad: 6.4448e-09
sigma_e: 4.5415e-08
sigma_i: 4.9395e-06
sigma_ma: 2.1162e-05
sigma_n: 2.1167e-09
sigma_om: 1.6309e-05
sigma_per: 4.0365e-06
sigma_q: 7.899e-08
sigma_tp: 4.7831e-05
sigma_w: 2.4095e-05
spec: Xe
spec_B: Xe
spec_T: .nan
spkid: 2004205.0
t_jup: 4.106
tp: 2457895.4833863466
tp_cal: 20170521.9833863
two_body: .nan
w: 109.9763167961883
