A1: .nan
A2: .nan
A3: .nan
BV: .nan
G: .nan
GM: .nan
H: 18.2
H_sigma: .nan
IR: .nan
UB: .nan
a: 1.488760040861771
ad: 2.024672355852247
albedo: 0.55
class: APO
closeness: 5024.610548090387
condition_code: 0.0
data_arc: 13083.0
diameter: 0.33
diameter_sigma: .nan
dv: 4.984853
e: 0.3599722589815505
epoch: 2458200.5
epoch_cal: 20180323.0
epoch_mjd: 58200.0
equinox: J2000
est_diameter: .nan
extent: .nan
first_obs: '1981-09-30'
full_name: 4660 Nereus (1982 DB)
i: 1.431547323206529
id: a0004660
inexact: .nan
last_obs: '2017-07-26'
ma: 327.9029757212567
moid: 0.00325976
moid_jup: 3.10001
moid_ld: 1.2686007992
n: 0.5425840445024191
n_del_obs_used: 16.0
n_dop_obs_used: 16.0
n_obs_used: 555.0
name: Nereus
neo: Y
om: 314.439201591598
orbit_id: JPL 105
pdes: 4660.0
per: 663.4916814226278
per_y: 1.81654122223854
pha: Y
prefix: .nan
price: 4714378513.313096
producer: Otto Matic
profit: 1390463968.012496
prov_des: 1982 DB
q: 0.9528477258712937
rms: 0.47026
rot_per: 15.1
saved: 67457400577.25371
score: 251.239956161546
sigma_a: 2.4429e-09
sigma_ad: 3.3222e-09
sigma_e: 2.9804e-09
sigma_i: 2.5435e-06
sigma_ma: 8.5212e-06
sigma_n: 1.3355e-09
sigma_om: 2.9975e-05
sigma_per: 1.6331e-06
sigma_q: 4.0725e-09
sigma_tp: 1.585e-05
sigma_w: 3.1113e-05
spec: Xe
spec_B: Xe
spec_T: .nan
spkid: 2004660.0
t_jup: 4.493
tp: 2458259.6558572426
tp_cal: 20180521.1558572
two_body: .nan
w: 158.0163122498974
