A1: .nan
A2: -3.890364735533116e-15
A3: .nan
BV: 0.712
G: 0.12
GM: .nan
H: 16.05
H_sigma: .nan
IR: .nan
UB: 0.31
a: 0.832041312581066
ad: 1.195237516354343
albedo: 0.13
class: ATE
closeness: 2712.0598057368716
condition_code: 0.0
data_arc: 14999.0
diameter: 2.3
diameter_sigma: 0.2
dv: 10.649081
e: 0.4365122239502867
epoch: 2453681.5
epoch_cal: 20051107.0
epoch_mjd: 53681.0
equinox: J2000
est_diameter: .nan
extent: .nan
first_obs: '1975-10-03'
full_name: 2100 Ra-Shalom (1978 RA)
i: 15.7559714300814
id: a0002100
inexact: .nan
last_obs: '2016-10-26'
ma: 104.564615889354
moid: 0.149558
moid_jup: 3.77967
moid_ld: 58.20348686
n: 1.2986339076561
n_del_obs_used: 7.0
n_dop_obs_used: 2.0
n_obs_used: 1494.0
name: Ra-Shalom
neo: Y
om: 170.8848664870347
orbit_id: JPL 182
pdes: 2100.0
per: 277.2143849607028
per_y: 0.758971622069001
pha: N
prefix: .nan
price: 1755387853952.4092
producer: Otto Matic
profit: 130811360155.82236
prov_des: 1978 RA
q: 0.4688451088077891
rms: 0.39071
rot_per: 19.797
saved: 22840447217428.883
score: 135.6229902868436
sigma_a: 3.6343e-10
sigma_ad: 5.2208e-10
sigma_e: 2.4878e-08
sigma_i: 2.2443e-06
sigma_ma: 1.0237e-05
sigma_n: 8.5086e-10
sigma_om: 5.6379e-06
sigma_per: 1.8163e-07
sigma_q: 2.0802e-08
sigma_tp: 7.8766e-06
sigma_w: 2.9869e-06
spec: Xc
spec_B: Xc
spec_T: C
spkid: 2002100.0
t_jup: 6.946
tp: 2453600.981067549
tp_cal: 20050818.4810675
two_body: .nan
w: 355.9827741469682
