A1: .nan
A2: .nan
A3: .nan
BV: .nan
G: .nan
GM: .nan
H: 16.4
H_sigma: .nan
IR: .nan
UB: .nan
a: 2.199064456396229
ad: 3.389315821976707
albedo: 0.16
class: APO
closeness: 2842.9700664174075
condition_code: 0.0
data_arc: 12281.0
diameter: 1.5
diameter_sigma: .nan
dv: 7.182439
e: 0.5412535144745289
epoch: 2458200.5
epoch_cal: 20180323.0
epoch_mjd: 58200.0
equinox: J2000
est_diameter: .nan
extent: .nan
first_obs: '1984-05-27'
full_name: 3671 Dionysus (1984 KD)
i: 13.53281349073717
id: a0003671
inexact: .nan
last_obs: '2018-01-10'
ma: 126.172175369863
moid: 0.0216653
moid_jup: 1.83395
moid_ld: 8.431484801
n: 0.3022366558525201
n_del_obs_used: .nan
n_dop_obs_used: .nan
n_obs_used: 519.0
name: Dionysus
neo: Y
om: 82.08472204498555
orbit_id: JPL 90
pdes: 3671.0
per: 1191.119584699436
per_y: 3.26110769253781
pha: Y
prefix: .nan
price: 2624406119042.373
producer: Otto Matic
profit: 303960131006.24976
prov_des: 1984 KD
q: 1.008813090815751
rms: 0.51491
rot_per: 2.7053
saved: -2205720370226.2925
score: 142.16850332087037
sigma_a: 1.9116e-09
sigma_ad: 2.9463e-09
sigma_e: 2.642e-08
sigma_i: 5.8414e-06
sigma_ma: 6.2583e-06
sigma_n: 3.941e-10
sigma_om: 1.6755e-05
sigma_per: 1.5532e-06
sigma_q: 5.7886e-08
sigma_tp: 2.0247e-05
sigma_w: 1.6994e-05
spec: Cb
spec_B: Cb
spec_T: .nan
spkid: 2003671.0
t_jup: 3.429
tp: 2457783.038474647
tp_cal: 20170129.5384746
two_body: .nan
w: 204.243689823858
