A1: .nan
A2: -4.86111407091539e-15
A3: .nan
BV: .nan
G: .nan
GM: .nan
H: 14.6
H_sigma: .nan
IR: .nan
UB: .nan
a: 1.271196435728355
ad: 2.402692827347886
albedo: 0.1066
class: APO
closeness: 2696.994444786315
condition_code: 0.0
data_arc: 12688.0
diameter: 5.1
diameter_sigma: 0.2
dv: 15.344863
e: 0.8901034960589854
epoch: 2455873.5
epoch_cal: 20111108.0
epoch_mjd: 55873.0
equinox: J2000
est_diameter: .nan
extent: .nan
first_obs: '1983-10-12'
full_name: 3200 Phaethon (1983 TB)
i: 22.22233889122249
id: a0003200
inexact: .nan
last_obs: '2018-07-08'
ma: 238.7494744035079
moid: 0.0202422
moid_jup: 2.72761
moid_ld: 7.877656974
n: 0.6876779104039702
n_del_obs_used: 6.0
n_dop_obs_used: 0.0
n_obs_used: 4757.0
name: Phaethon
neo: Y
om: 265.2991994079155
orbit_id: JPL 628
pdes: 3200.0
per: 523.5008927195599
per_y: 1.4332673311966
pha: Y
prefix: .nan
price: 103006105247784.12
producer: Otto Matic
profit: 5297430205182.929
prov_des: 1983 TB
q: 0.1397000441088249
rms: 0.33193
rot_per: 3.604
saved: -60838566559768.86
score: 134.86972223931576
sigma_a: 4.2518e-10
sigma_ad: 8.0363e-10
sigma_e: 1.2193e-08
sigma_i: 5.0102e-06
sigma_ma: 1.2093e-06
sigma_n: 3.4501e-10
sigma_om: 3.9527e-06
sigma_per: 2.6264e-07
sigma_q: 1.5505e-08
sigma_tp: 1.7988e-06
sigma_w: 4.2915e-06
spec: B
spec_B: B
spec_T: F
spkid: 2003200.0
t_jup: 4.51
tp: 2456049.8187733125
tp_cal: 20120502.3187733
two_body: .nan
w: 322.1031290719322
