A1: .nan
A2: .nan
A3: .nan
BV: .nan
G: .nan
GM: .nan
H: 14.7
H_sigma: .nan
IR: .nan
UB: .nan
a: 1.774229352179636
ad: 2.278579018070887
albedo: 0.593
class: AMO
closeness: 2696.173474451564
condition_code: 0.0
data_arc: 15729.0
diameter: 4.3
diameter_sigma: .nan
dv: 8.661146
e: 0.2842640751443209
epoch: 2458200.5
epoch_cal: 20180323.0
epoch_mjd: 58200.0
equinox: J2000
est_diameter: .nan
extent: .nan
first_obs: '1975-06-09'
full_name: 3691 Bede (1982 FT)
i: 20.36007752337771
id: a0003691
inexact: .nan
last_obs: '2018-07-02'
ma: 64.43983090666865
moid: 0.351388
moid_jup: 2.83151
moid_ld: 136.74966796
n: 0.4170512567442594
n_del_obs_used: .nan
n_dop_obs_used: .nan
n_obs_used: 1890.0
name: Bede
neo: Y
om: 348.7629302160182
orbit_id: JPL 354
pdes: 3691.0
per: 863.2032494287773
per_y: 2.36332169590357
pha: N
prefix: .nan
price: 11470832752872.049
producer: Otto Matic
profit: 1044846904571.5363
prov_des: 1982 FT
q: 1.269879686288384
rms: 0.3961
rot_per: 226.8
saved: 149254165933764.97
score: 134.8286737225782
sigma_a: 4.9124e-09
sigma_ad: 6.3088e-09
sigma_e: 4.9471e-08
sigma_i: 6.5914e-06
sigma_ma: 1.0819e-05
sigma_n: 1.7321e-09
sigma_om: 9.9365e-06
sigma_per: 3.585e-06
sigma_q: 8.9571e-08
sigma_tp: 2.5631e-05
sigma_w: 1.4237e-05
spec: Xc
spec_B: Xc
spec_T: .nan
spkid: 2003691.0
t_jup: 3.982
tp: 2458045.987023802
tp_cal: 20171019.4870238
two_body: .nan
w: 234.9027722771203
