A1: .nan
A2: .nan
A3: .nan
BV: 0.841
G: .nan
GM: .nan
H: 15.75
H_sigma: .nan
IR: .nan
UB: 0.444
a: 1.430443678400848
ad: 1.796698522097027
albedo: 0.17
class: AMO
closeness: 4166.343272053864
condition_code: 0.0
data_arc: 16080.0
diameter: 2.3
diameter_sigma: .nan
dv: 5.439294
e: 0.2560428272895237
epoch: 2458200.5
epoch_cal: 20180323.0
epoch_mjd: 58200.0
equinox: J2000
est_diameter: .nan
extent: .nan
first_obs: '1973-03-10'
full_name: 1943 Anteros (1973 EC)
i: 8.70626951586493
id: a0001943
inexact: .nan
last_obs: '2017-03-19'
ma: 87.39164366082188
moid: 0.062489
moid_jup: 3.19501
moid_ld: 24.31884413
n: 0.576100072303324
n_del_obs_used: .nan
n_dop_obs_used: .nan
n_obs_used: 3091.0
name: Anteros
neo: Y
om: 246.3323149457399
orbit_id: JPL 422
pdes: 1943.0
per: 624.8914334634129
per_y: 1.71085950297991
pha: N
prefix: .nan
price: 5574298014866.439
producer: Otto Matic
profit: 1249360985065.4124
prov_des: 1973 EC
q: 1.064188834704668
rms: 0.40641
rot_per: 2.86923
saved: -9221481573164.766
score: 208.3371636026932
sigma_a: 1.1331e-09
sigma_ad: 1.4233e-09
sigma_e: 2.5313e-08
sigma_i: 2.919e-06
sigma_ma: 6.4086e-06
sigma_n: 6.8454e-10
sigma_om: 1.8256e-05
sigma_per: 7.4252e-07
sigma_q: 3.6204e-08
sigma_tp: 1.1109e-05
sigma_w: 1.9386e-05
spec: L
spec_B: L
spec_T: S
spkid: 2001943.0
t_jup: 4.64
tp: 2458048.8047514446
tp_cal: 20171022.3047514
two_body: .nan
w: 338.3612658392447
