A1: .nan
A2: .nan
A3: .nan
BV: 0.677
G: .nan
GM: .nan
H: 15.1
H_sigma: .nan
IR: .nan
UB: 0.267
a: 2.822403680347508
ad: 4.464345528919327
albedo: 0.15
class: AMO
closeness: 2820.662045084916
condition_code: 0.0
data_arc: 14732.0
diameter: 2.3
diameter_sigma: .nan
dv: 7.230096
e: 0.581753014285205
epoch: 2458200.5
epoch_cal: 20180323.0
epoch_mjd: 58200.0
equinox: J2000
est_diameter: .nan
extent: .nan
first_obs: '1977-07-17'
full_name: 6178 (1986 DA)
i: 4.305726631472433
id: a0006178
inexact: .nan
last_obs: '2017-11-16'
ma: 274.7428636427949
moid: 0.19101
moid_jup: 0.521608
moid_ld: 74.3353617
n: 0.2078621328665937
n_del_obs_used: 1.0
n_dop_obs_used: 1.0
n_obs_used: 420.0
name: .nan
neo: Y
om: 64.64168697273476
orbit_id: JPL 77
pdes: 6178.0
per: 1731.917184892203
per_y: 4.74173082790473
pha: N
prefix: .nan
price: 4245685042383.559
producer: Otto Matic
profit: 484663155089.2425
prov_des: 1986 DA
q: 1.180461831775689
rms: 0.57763
rot_per: 3.5
saved: 60750929485220.4
score: 141.0531022542458
sigma_a: 1.5407e-08
sigma_ad: 2.4371e-08
sigma_e: 2.6423e-08
sigma_i: 7.7594e-06
sigma_ma: 1.5098e-05
sigma_n: 1.7021e-09
sigma_om: 9.4827e-05
sigma_per: 1.4182e-05
sigma_q: 7.7558e-08
sigma_tp: 7.5909e-05
sigma_w: 9.4996e-05
spec: M
spec_B: .nan
spec_T: .nan
spkid: 2006178.0
t_jup: 3.038
tp: 2458610.6619433104
tp_cal: 20190507.1619433
two_body: .nan
w: 127.3739578179391
