A1: .nan
A2: .nan
A3: .nan
BV: .nan
G: .nan
GM: .nan
H: 16.0
H_sigma: .nan
IR: .nan
UB: .nan
a: 1.290159758363344
ad: 1.676088261745784
albedo: 0.245
class: APO
closeness: 2688.1160611213204
condition_code: 0.0
data_arc: 15156.0
diameter: 1.649
diameter_sigma: 0.045
dv: 23.458328
e: 0.2991323368138656
epoch: 2458200.5
epoch_cal: 20180323.0
epoch_mjd: 58200.0
equinox: J2000
est_diameter: .nan
extent: .nan
first_obs: '1975-12-30'
full_name: 2102 Tantalus (1975 YA)
i: 64.0036814370136
id: a0002102
inexact: .nan
last_obs: '2017-06-28'
ma: 263.9054937384644
moid: 0.0425959
moid_jup: 3.76454
moid_ld: 16.577046403
n: 0.6725720826270577
n_del_obs_used: 1.0
n_dop_obs_used: 0.0
n_obs_used: 1076.0
name: Tantalus
neo: Y
om: 94.36356578929538
orbit_id: JPL 153
pdes: 2102.0
per: 535.2586128669581
per_y: 1.46545821455704
pha: Y
prefix: .nan
price: 1069553313.925427
producer: Otto Matic
profit: 35862341.31310409
prov_des: 1975 YA
q: 0.9042312549809048
rms: 0.29102
rot_per: 2.384
saved: -3499948519752.9976
score: 134.40794216269387
sigma_a: 1.2421e-09
sigma_ad: 1.6136e-09
sigma_e: 2.9833e-08
sigma_i: 1.2206e-05
sigma_ma: 8.4502e-06
sigma_n: 9.7127e-10
sigma_om: 1.8564e-06
sigma_per: 7.7298e-07
sigma_q: 3.8722e-08
sigma_tp: 1.2575e-05
sigma_w: 1.1029e-05
spec: Q
spec_B: Q
spec_T: .nan
spkid: 2002102.0
t_jup: 4.45
tp: 2458343.3761447934
tp_cal: 20180812.8761448
two_body: .nan
w: 61.54240640261469
