A1: .nan
A2: -7.643376510438236e-14
A3: .nan
BV: .nan
G: .nan
GM: .nan
H: 18.4
H_sigma: .nan
IR: .nan
UB: .nan
a: 1.059509941120145
ad: 1.529871514703377
albedo: 0.52
class: APO
closeness: 2739.2229482782714
condition_code: 0.0
data_arc: 10565.0
diameter: 0.42
diameter_sigma: .nan
dv: 8.357772
e: 0.4439425769671891
epoch: 2455202.5
epoch_cal: 20100106.0
epoch_mjd: 55202.0
equinox: J2000
est_diameter: .nan
extent: .nan
first_obs: '1986-08-02'
full_name: 4034 Vishnu (1986 PA)
i: 11.17043792956858
id: a0004034
inexact: .nan
last_obs: '2015-07-06'
ma: 62.85109471384038
moid: 0.0193934
moid_jup: 3.68635
moid_ld: 7.547329478
n: 0.9037462744191759
n_del_obs_used: 0.0
n_dop_obs_used: 1.0
n_obs_used: 486.0
name: Vishnu
neo: Y
om: 158.0140756738879
orbit_id: JPL 74
pdes: 4034.0
per: 398.3418910704407
per_y: 1.0906006600149
pha: Y
prefix: .nan
price: 242455317281.26715
producer: Otto Matic
profit: 23251652063.18573
prov_des: 1986 PA
q: 0.5891483675369131
rms: 0.4206
rot_per: .nan
saved: -62094002599.05123
score: 136.9811474139136
sigma_a: 4.2656e-09
sigma_ad: 6.1592e-09
sigma_e: 7.269e-08
sigma_i: 7.5749e-06
sigma_ma: 1.5529e-05
sigma_n: 5.4577e-09
sigma_om: 4.4875e-05
sigma_per: 2.4056e-06
sigma_q: 7.6389e-08
sigma_tp: 1.7273e-05
sigma_w: 4.1682e-05
spec: O
spec_B: O
spec_T: .nan
spkid: 2004034.0
t_jup: 5.704
tp: 2455132.954933544
tp_cal: 20091028.4549335
two_body: .nan
w: 296.6030770773073
