A1: .nan
A2: .nan
A3: .nan
BV: .nan
G: .nan
GM: .nan
H: 14.0
H_sigma: .nan
IR: .nan
UB: .nan
a: 1.833520270192204
ad: 3.249468295746327
albedo: 0.227
class: APO
closeness: 2686.9309602317003
condition_code: 0.0
data_arc: 23642.0
diameter: 4.843
diameter_sigma: 0.378
dv: 9.638525
e: 0.7722565430954812
epoch: 2458200.5
epoch_cal: 20180323.0
epoch_mjd: 58200.0
equinox: J2000
est_diameter: .nan
extent: .nan
first_obs: '1953-11-30'
full_name: 5143 Heracles (1991 VL)
i: 9.031020826198755
id: a0005143
inexact: .nan
last_obs: '2018-08-23'
ma: 173.1372241890338
moid: 0.0583577
moid_jup: 1.80418
moid_ld: 22.711066109
n: 0.3969862826194209
n_del_obs_used: 1.0
n_dop_obs_used: 0.0
n_obs_used: 2437.0
name: Heracles
neo: Y
om: 309.5145934644621
orbit_id: JPL 445
pdes: 5143.0
per: 906.8323409681171
per_y: 2.48277163851641
pha: N
prefix: .nan
price: 371729689555276.1
producer: Otto Matic
profit: 30322040181409.062
prov_des: 1991 VL
q: 0.4175722446380798
rms: 0.37375
rot_per: 2.7063
saved: -95201806948257.94
score: 134.36654801158502
sigma_a: 4.9827e-09
sigma_ad: 8.8306e-09
sigma_e: 3.2018e-08
sigma_i: 3.8344e-06
sigma_ma: 2.6709e-06
sigma_n: 1.6182e-09
sigma_om: 3.0143e-05
sigma_per: 3.6966e-06
sigma_q: 5.8445e-08
sigma_tp: 7.0646e-06
sigma_w: 2.911e-05
spec: O
spec_B: O
spec_T: .nan
spkid: 2005143.0
t_jup: 3.583
tp: 2457764.371015778
tp_cal: 20170110.8710158
two_body: .nan
w: 227.7823772100114
