A1: .nan
A2: .nan
A3: .nan
BV: .nan
G: .nan
GM: .nan
H: 18.0
H_sigma: .nan
IR: .nan
UB: .nan
a: 1.565640080293509
ad: 2.023237359953611
albedo: .nan
class: AMO
closeness: 3855.8623976021445
condition_code: 0.0
data_arc: 9739.0
diameter: .nan
diameter_sigma: .nan
dv: 5.647982
e: 0.292274888347466
epoch: 2458200.5
epoch_cal: 20180323.0
epoch_mjd: 58200.0
equinox: J2000
est_diameter: 0.8619445964685667
extent: .nan
first_obs: '1990-08-19'
full_name: 7474 (1992 TC)
i: 7.088107034446275
id: a0007474
inexact: .nan
last_obs: '2017-04-18'
ma: 2.067527409975078
moid: 0.166957
moid_jup: 3.44434
moid_ld: 64.97465569
n: 0.5031137397690945
n_del_obs_used: .nan
n_dop_obs_used: .nan
n_obs_used: 333.0
name: .nan
neo: Y
om: 88.62537536003614
orbit_id: JPL 52
pdes: 7474.0
per: 715.543964601768
per_y: 1.95905260671258
pha: N
prefix: .nan
price: 84008007321.60027
producer: Otto Matic
profit: 16781630207.651989
prov_des: 1992 TC
q: 1.108042800633406
rms: 0.6999
rot_per: 5.54
saved: 1202059144293.7646
score: 192.81311988010722
sigma_a: 1.8312e-08
sigma_ad: 2.3664e-08
sigma_e: 1.1243e-07
sigma_i: 4.7748e-06
sigma_ma: 0.00011207
sigma_n: 8.8268e-09
sigma_om: 6.6441e-05
sigma_per: 1.2554e-05
sigma_q: 1.845e-07
sigma_tp: 0.00022268
sigma_w: 9.4169e-05
spec: X
spec_B: X
spec_T: .nan
spkid: 2007474.0
t_jup: 4.365
tp: 2458196.390536778
tp_cal: 20180318.8905368
two_body: .nan
w: 275.6475228037731
