A1: .nan
A2: .nan
A3: .nan
BV: .nan
G: .nan
GM: .nan
H: 15.6
H_sigma: .nan
IR: .nan
UB: .nan
a: 0.9976973635700946
ad: 1.51136577391542
albedo: 0.365
class: ATE
closeness: 2702.625124258211
condition_code: 0.0
data_arc: 16388.0
diameter: 2.071
diameter_sigma: 0.106
dv: 14.238517
e: 0.5148539317646869
epoch: 2458200.5
epoch_cal: 20180323.0
epoch_mjd: 58200.0
equinox: J2000
est_diameter: .nan
extent: .nan
first_obs: '1973-10-17'
full_name: 3753 Cruithne (1986 TO)
i: 19.80566303084264
id: a0003753
inexact: .nan
last_obs: '2018-08-30'
ma: 95.25683793733968
moid: 0.0710452
moid_jup: 3.51471
moid_ld: 27.648660484
n: 0.9890217375981728
n_del_obs_used: .nan
n_dop_obs_used: .nan
n_obs_used: 666.0
name: Cruithne
neo: Y
om: 126.2322285110939
orbit_id: JPL 141
pdes: 3753.0
per: 363.9960440851943
per_y: 0.99656685581162
pha: N
prefix: .nan
price: 2118755131.7285824
producer: Otto Matic
profit: 117675772.94640681
prov_des: 1986 TO
q: 0.4840289532247692
rms: 0.42244
rot_per: 27.3099
saved: -6933299902364.245
score: 135.13549372317402
sigma_a: 2.5265e-09
sigma_ad: 3.8273e-09
sigma_e: 5.8423e-07
sigma_i: 1.4198e-05
sigma_ma: 4.5799e-05
sigma_n: 3.7568e-09
sigma_om: 0.00010668
sigma_per: 1.3827e-06
sigma_q: 5.8254e-07
sigma_tp: 4.6303e-05
sigma_w: 0.00010378
spec: Q
spec_B: Q
spec_T: .nan
spkid: 2003753.0
t_jup: 5.922
tp: 2458104.1857994967
tp_cal: 20171216.6857995
two_body: .nan
w: 43.83554644215479
