A1: .nan
A2: .nan
A3: .nan
BV: .nan
G: .nan
GM: .nan
H: 15.7
H_sigma: .nan
IR: .nan
UB: .nan
a: 2.537480773257016
ad: 4.3314541696903
albedo: 0.154
class: APO
closeness: 2729.5834850736564
condition_code: 0.0
data_arc: 13408.0
diameter: 1.859
diameter_sigma: 0.183
dv: 7.952103
e: 0.7069899466196173
epoch: 2458200.5
epoch_cal: 20180323.0
epoch_mjd: 58200.0
equinox: J2000
est_diameter: .nan
extent: .nan
first_obs: '1981-12-16'
full_name: 8201 (1994 AH2)
i: 9.553473844754167
id: a0008201
inexact: .nan
last_obs: '2018-09-01'
ma: 334.2085076317799
moid: 0.101858
moid_jup: 0.661747
moid_ld: 39.64007786
n: 0.2438371836513263
n_del_obs_used: 0.0
n_dop_obs_used: 1.0
n_obs_used: 738.0
name: .nan
neo: Y
om: 164.1103579013292
orbit_id: JPL 114
pdes: 8201.0
per: 1476.395005098074
per_y: 4.04214922682567
pha: N
prefix: .nan
price: 21024322569788.387
producer: Otto Matic
profit: 2111648542256.9844
prov_des: 1994 AH2
q: 0.743507376823733
rms: 0.54582
rot_per: 23.949
saved: -5384432706737.743
score: 136.49917425368284
sigma_a: 6.8868e-09
sigma_ad: 1.1756e-08
sigma_e: 3.0353e-08
sigma_i: 4.4384e-06
sigma_ma: 8.7549e-06
sigma_n: 9.9268e-10
sigma_om: 4.7033e-05
sigma_per: 6.0105e-06
sigma_q: 7.7879e-08
sigma_tp: 3.6322e-05
sigma_w: 4.7586e-05
spec: O
spec_B: O
spec_T: .nan
spkid: 2008201.0
t_jup: 3.025
tp: 2458306.2734180735
tp_cal: 20180706.7734181
two_body: .nan
w: 25.13273680006141
