A1: .nan
A2: .nan
A3: .nan
BV: .nan
G: .nan
GM: .nan
H: 13.7
H_sigma: .nan
IR: .nan
UB: .nan
a: 2.219233745613227
ad: 2.644731045443677
albedo: 0.288
class: MBA
closeness: 2696.0626980969287
condition_code: 0.0
data_arc: 22527.0
diameter: 4.723
diameter_sigma: 0.111
dv: 8.31607
e: 0.1917316283926977
epoch: 2458200.5
epoch_cal: 20180323.0
epoch_mjd: 58200.0
equinox: J2000
est_diameter: .nan
extent: .nan
first_obs: '1955-08-23'
full_name: 4396 Gressmann (1981 JH)
i: 3.747081130285171
id: a0004396
inexact: .nan
last_obs: '2017-04-26'
ma: 0.01557091074613312
moid: 0.781907
moid_jup: 2.56251
moid_ld: 304.29474719
n: 0.2981257592493932
n_del_obs_used: .nan
n_dop_obs_used: .nan
n_obs_used: 1573.0
name: Gressmann
neo: N
om: 46.94177024454293
orbit_id: JPL 27
pdes: 4396.0
per: 1207.544094500223
per_y: 3.30607554962416
pha: N
prefix: .nan
price: 81809977808943.27
producer: Otto Matic
profit: 7760744160120.98
prov_des: 1981 JH
q: 1.793736445782777
rms: 0.49711
rot_per: .nan
saved: -48319483279265.9
score: 134.82313490484646
sigma_a: 8.6353e-09
sigma_ad: 1.0291e-08
sigma_e: 3.2556e-08
sigma_i: 4.6075e-06
sigma_ma: 1.9083e-05
sigma_n: 1.7401e-09
sigma_om: 5.604e-05
sigma_per: 7.048e-06
sigma_q: 7.3962e-08
sigma_tp: 6.4011e-05
sigma_w: 5.8155e-05
spec: B
spec_B: B
spec_T: .nan
spkid: 2004396.0
t_jup: 3.624
tp: 2458200.447770663
tp_cal: 20180322.9477707
two_body: .nan
w: 250.9708713588738
