A1: .nan
A2: -3.402004731725781e-15
A3: .nan
BV: 0.819
G: 0.09
GM: .nan
H: 16.25
H_sigma: .nan
IR: .nan
UB: 0.481
a: 1.470162312389734
ad: 2.293102429367948
albedo: 0.25
class: APO
closeness: 2807.257462943133
condition_code: 0.0
data_arc: 31567.0
diameter: 1.5
diameter_sigma: .nan
dv: 7.484202
e: 0.5597614018825802
epoch: 2455958.5
epoch_cal: 20120201.0
epoch_mjd: 55958.0
equinox: J2000
est_diameter: .nan
extent: .nan
first_obs: '1930-12-13'
full_name: 1862 Apollo (1932 HA)
i: 6.353445562610878
id: a0001862
inexact: .nan
last_obs: '2017-05-17'
ma: 206.6290803122197
moid: 0.025757
moid_jup: 3.06422
moid_ld: 10.02385169
n: 0.5529121656575184
n_del_obs_used: 8.0
n_dop_obs_used: 9.0
n_obs_used: 1586.0
name: Apollo
neo: Y
om: 35.73168803474559
orbit_id: JPL 285
pdes: 1862.0
per: 651.0979905314456
per_y: 1.78260914587665
pha: Y
prefix: .nan
price: 805034046.4611495
producer: Otto Matic
profit: 88356037.90588945
prov_des: 1932 HA
q: 0.6472221954115209
rms: 0.48294
rot_per: 3.065
saved: -2634349950187.6323
score: 140.36448321524958
sigma_a: 1.0e-09
sigma_ad: 1.5598e-09
sigma_e: 1.3563e-08
sigma_i: 3.5906e-06
sigma_ma: 1.7607e-06
sigma_n: 5.6415e-10
sigma_om: 2.4447e-05
sigma_per: 6.6433e-07
sigma_q: 2.0196e-08
sigma_tp: 3.4651e-06
sigma_w: 2.533e-05
spec: Q
spec_B: Q
spec_T: Q
spkid: 2001862.0
t_jup: 4.415
tp: 2456235.8874933743
tp_cal: 20121104.3874934
two_body: .nan
w: 285.8593797344928
