A1: .nan
A2: .nan
A3: .nan
BV: .nan
G: .nan
GM: .nan
H: 14.3
H_sigma: .nan
IR: .nan
UB: .nan
a: 2.250989581466554
ad: 3.006589420318523
albedo: .nan
class: MCA
closeness: 2768.76326974333
condition_code: 0.0
data_arc: 31641.0
diameter: .nan
diameter_sigma: .nan
dv: 7.546119
e: 0.3356745162541731
epoch: 2458200.5
epoch_cal: 20180323.0
epoch_mjd: 58200.0
equinox: J2000
est_diameter: 4.736737867601934
extent: .nan
first_obs: '1931-09-07'
full_name: 1198 Atlantis (1931 RA)
i: 2.723490395729467
id: a0001198
inexact: .nan
last_obs: '2018-04-24'
ma: 226.5908040587458
moid: 0.490176
moid_jup: 2.42049
moid_ld: 190.76179392
n: 0.2918393480996949
n_del_obs_used: .nan
n_dop_obs_used: .nan
n_obs_used: 1484.0
name: Atlantis
neo: N
om: 259.5590518632505
orbit_id: JPL 23
pdes: 1198.0
per: 1233.555387044727
per_y: 3.37729058739145
pha: N
prefix: .nan
price: 48690555525971.69
producer: Otto Matic
profit: 5227477178569.929
prov_des: 1931 RA
q: 1.495389742614585
rms: 0.51046
rot_per: 16.0
saved: -80548090427250.31
score: 138.4581634871665
sigma_a: 6.5222e-09
sigma_ad: 8.7115e-09
sigma_e: 3.9008e-08
sigma_i: 3.4125e-06
sigma_ma: 6.1165e-06
sigma_n: 1.2684e-09
sigma_om: 8.9864e-05
sigma_per: 5.3613e-06
sigma_q: 8.9719e-08
sigma_tp: 2.2438e-05
sigma_w: 8.9959e-05
spec: L
spec_B: L
spec_T: .nan
spkid: 2001198.0
t_jup: 3.549
tp: 2458657.632312041
tp_cal: 20190623.132312
two_body: .nan
w: 84.53175894336732
