A1: .nan
A2: .nan
A3: .nan
BV: .nan
G: .nan
GM: .nan
H: 16.6
H_sigma: .nan
IR: .nan
UB: .nan
a: 2.734620308695246
ad: 4.24731303102838
albedo: 0.037
class: AMO
closeness: 2799.878223404846
condition_code: 0.0
data_arc: 22959.0
diameter: 3.183
diameter_sigma: 0.106
dv: 7.334631
e: 0.5531637125356084
epoch: 2458200.5
epoch_cal: 20180323.0
epoch_mjd: 58200.0
equinox: J2000
est_diameter: .nan
extent: .nan
first_obs: '1955-10-23'
full_name: 17274 (2000 LC16)
i: 5.568284355324776
id: a0017274
inexact: .nan
last_obs: '2018-09-01'
ma: 326.1994644021186
moid: 0.212408
moid_jup: 1.14164
moid_ld: 82.66282136
n: 0.2179508272430111
n_del_obs_used: .nan
n_dop_obs_used: .nan
n_obs_used: 1354.0
name: .nan
neo: Y
om: 305.7755700316084
orbit_id: JPL 142
pdes: 17274.0
per: 1651.748720359784
per_y: 4.52224153418148
pha: N
prefix: .nan
price: 4230508236621.214
producer: Otto Matic
profit: 472540088774.35077
prov_des: 2000 LC16
q: 1.221927586362112
rms: 0.35205
rot_per: 16.495
saved: 60533766636946.22
score: 140.0139111702423
sigma_a: 4.1329e-09
sigma_ad: 6.419e-09
sigma_e: 2.8915e-08
sigma_i: 4.061e-06
sigma_ma: 2.6628e-06
sigma_n: 4.9409e-10
sigma_om: 2.2847e-05
sigma_per: 3.7445e-06
sigma_q: 7.9838e-08
sigma_tp: 1.2559e-05
sigma_w: 2.3806e-05
spec: Xk
spec_B: Xk
spec_T: .nan
spkid: 2017274.0
t_jup: 3.105
tp: 2458355.5833095037
tp_cal: 20180825.0833095
two_body: .nan
w: 21.26372641156565
