A1: .nan
A2: .nan
A3: .nan
BV: .nan
G: .nan
GM: .nan
H: 18.7
H_sigma: .nan
IR: .nan
UB: .nan
a: 1.715176108028413
ad: 2.404923299990826
albedo: 0.14
class: AMO
closeness: 3331.2189091652035
condition_code: 0.0
data_arc: 10032.0
diameter: 0.6
diameter_sigma: .nan
dv: 6.146092
e: 0.4021436566973133
epoch: 2458200.5
epoch_cal: 20180323.0
epoch_mjd: 58200.0
equinox: J2000
est_diameter: .nan
extent: .nan
first_obs: '1991-02-13'
full_name: 14402 (1991 DB)
i: 11.41761213121102
id: a0014402
inexact: .nan
last_obs: '2018-08-02'
ma: 352.3231625188768
moid: 0.102394
moid_jup: 2.59532
moid_ld: 39.84867298
n: 0.4387741122772037
n_del_obs_used: .nan
n_dop_obs_used: .nan
n_obs_used: 634.0
name: .nan
neo: Y
om: 158.2481408972425
orbit_id: JPL 90
pdes: 14402.0
per: 820.4677302670111
per_y: 2.24631822112802
pha: N
prefix: .nan
price: 168196133654.8061
producer: Otto Matic
profit: 26675057553.49495
prov_des: 1991 DB
q: 1.025428916066001
rms: 0.44851
rot_per: 2.2656
saved: -140346323312.76584
score: 166.58094545826017
sigma_a: 1.0798e-09
sigma_ad: 1.514e-09
sigma_e: 2.7025e-08
sigma_i: 6.9628e-06
sigma_ma: 5.5858e-06
sigma_n: 4.1434e-10
sigma_om: 1.2742e-05
sigma_per: 7.7477e-07
sigma_q: 4.6363e-08
sigma_tp: 1.2741e-05
sigma_w: 1.7808e-05
spec: C
spec_B: C
spec_T: .nan
spkid: 2014402.0
t_jup: 4.064
tp: 2458217.996103955
tp_cal: 20180409.496104
two_body: .nan
w: 51.36286771286134
