A1: .nan
A2: .nan
A3: .nan
BV: .nan
G: .nan
GM: .nan
H: 17.2
H_sigma: .nan
IR: .nan
UB: .nan
a: 1.190082832858218
ad: 1.617242357469031
albedo: .nan
class: APO
closeness: 3069.974065689303
condition_code: 0.0
data_arc: 9499.0
diameter: .nan
diameter_sigma: .nan
dv: 6.6018
e: 0.3589325993258014
epoch: 2458200.5
epoch_cal: 20180323.0
epoch_mjd: 58200.0
equinox: J2000
est_diameter: 1.2458889999152165
extent: .nan
first_obs: '1992-08-29'
full_name: 17511 (1992 QN)
i: 9.583378334348971
id: a0017511
inexact: .nan
last_obs: '2018-09-01'
ma: 348.3886323165772
moid: 0.132455
moid_jup: 3.34782
moid_ld: 51.54751235
n: 0.7591686896271655
n_del_obs_used: 0.0
n_dop_obs_used: 1.0
n_obs_used: 1095.0
name: .nan
neo: Y
om: 355.9364512695138
orbit_id: JPL 208
pdes: 17511.0
per: 474.2029076262342
per_y: 1.29829680390482
pha: N
prefix: .nan
price: 253700126238.41217
producer: Otto Matic
profit: 34520594568.16894
prov_des: 1992 QN
q: 0.7629233082474042
rms: 0.44124
rot_per: 5.9902
saved: 3630160580834.934
score: 153.51870328446518
sigma_a: 1.2761e-09
sigma_ad: 1.7342e-09
sigma_e: 4.1546e-08
sigma_i: 4.1102e-06
sigma_ma: 1.4597e-05
sigma_n: 1.2211e-09
sigma_om: 2.2208e-05
sigma_per: 7.6274e-07
sigma_q: 4.932e-08
sigma_tp: 1.9245e-05
sigma_w: 2.4305e-05
spec: X
spec_B: X
spec_T: .nan
spkid: 2017511.0
t_jup: 5.253
tp: 2458215.794845325
tp_cal: 20180407.2948453
two_body: .nan
w: 202.3725635983798
