A1: .nan
A2: .nan
A3: .nan
BV: .nan
G: .nan
GM: .nan
H: 16.7
H_sigma: .nan
IR: .nan
UB: .nan
a: 2.849095963864751
ad: 4.527549351479228
albedo: 0.02
class: AMO
closeness: 2818.904096020648
condition_code: 0.0
data_arc: 8742.0
diameter: 4.106
diameter_sigma: 0.592
dv: 7.237623
e: 0.5891178847263829
epoch: 2458200.5
epoch_cal: 20180323.0
epoch_mjd: 58200.0
equinox: J2000
est_diameter: .nan
extent: .nan
first_obs: '1994-09-01'
full_name: 16064 Davidharvey (1999 RH27)
i: 4.53978855985495
id: a0016064
inexact: .nan
last_obs: '2018-08-08'
ma: 271.8401277088468
moid: 0.202781
moid_jup: 0.861435
moid_ld: 78.91628177
n: 0.2049478929184987
n_del_obs_used: .nan
n_dop_obs_used: .nan
n_obs_used: 960.0
name: Davidharvey
neo: Y
om: 335.5723582376432
orbit_id: JPL 80
pdes: 16064.0
per: 1756.54404089512
per_y: 4.80915548499691
pha: N
prefix: .nan
price: 53903764015381.99
producer: Otto Matic
profit: 6143115434081.631
prov_des: 1999 RH27
q: 1.170642576250274
rms: 0.47223
rot_per: 178.5
saved: -44978412570434.63
score: 140.9652048010324
sigma_a: 1.4753e-08
sigma_ad: 2.3444e-08
sigma_e: 4.0389e-08
sigma_i: 3.8804e-06
sigma_ma: 1.3378e-05
sigma_n: 1.5919e-09
sigma_om: 5.779e-05
sigma_per: 1.3643e-05
sigma_q: 1.1344e-07
sigma_tp: 6.8309e-05
sigma_w: 5.8464e-05
spec: C
spec_B: C
spec_T: .nan
spkid: 2016064.0
t_jup: 3.018
tp: 2458630.657495331
tp_cal: 20190527.1574953
two_body: .nan
w: 104.8150232664229
