A1: .nan
A2: .nan
A3: .nan
BV: .nan
G: .nan
GM: .nan
H: 18.4
H_sigma: .nan
IR: .nan
UB: .nan
a: 1.324635766809485
ad: 1.481186896488748
albedo: .nan
class: AMO
closeness: 2917.1347680881695
condition_code: 0.0
data_arc: 8562.0
diameter: .nan
diameter_sigma: .nan
dv: 6.988049
e: 0.1181842840136589
epoch: 2458200.5
epoch_cal: 20180323.0
epoch_mjd: 58200.0
equinox: J2000
est_diameter: 0.7169342880402657
extent: .nan
first_obs: '1994-08-28'
full_name: 15817 Lucianotesi (1994 QC)
i: 13.87252477173012
id: a0015817
inexact: .nan
last_obs: '2018-02-05'
ma: 228.3913361353785
moid: 0.248309
moid_jup: 3.56616
moid_ld: 96.63441353
n: 0.6464863474660495
n_del_obs_used: .nan
n_dop_obs_used: .nan
n_obs_used: 655.0
name: Lucianotesi
neo: Y
om: 162.506771280579
orbit_id: JPL 91
pdes: 15817.0
per: 556.8563070373355
per_y: 1.52458947854164
pha: N
prefix: .nan
price: 53165222431.778244
producer: Otto Matic
profit: 6494017096.456949
prov_des: 1994 QC
q: 1.168084637130222
rms: 0.58249
rot_per: 11.0
saved: 691765898927.5535
score: 145.87673840440848
sigma_a: 2.7014e-09
sigma_ad: 3.0207e-09
sigma_e: 3.782e-08
sigma_i: 4.0008e-06
sigma_ma: 4.6841e-05
sigma_n: 1.9777e-09
sigma_om: 1.6442e-05
sigma_per: 1.7035e-06
sigma_q: 5.0254e-08
sigma_tp: 7.3038e-05
sigma_w: 4.0235e-05
spec: Xc
spec_B: Xc
spec_T: .nan
spkid: 2015817.0
t_jup: 4.901
tp: 2458404.0753181493
tp_cal: 20181012.5753181
two_body: .nan
w: 94.29223116406293
