A1: .nan
A2: .nan
A3: .nan
BV: .nan
G: .nan
GM: .nan
H: 17.3
H_sigma: .nan
IR: .nan
UB: .nan
a: 1.234689403942316
ad: 1.856633843101225
albedo: 0.372
class: APO
closeness: 2695.348632599949
condition_code: 0.0
data_arc: 9814.0
diameter: 0.829
diameter_sigma: 0.222
dv: 10.364652
e: 0.503725420476651
epoch: 2458200.5
epoch_cal: 20180323.0
epoch_mjd: 58200.0
equinox: J2000
est_diameter: .nan
extent: .nan
first_obs: '1991-02-22'
full_name: 10165 (1995 BL2)
i: 23.894552677911
id: a0010165
inexact: .nan
last_obs: '2018-01-05'
ma: 167.5340259369166
moid: 0.376206
moid_jup: 3.41059
moid_ld: 146.40808902
n: 0.7184019331482244
n_del_obs_used: .nan
n_dop_obs_used: .nan
n_obs_used: 617.0
name: .nan
neo: Y
om: 312.4444364383108
orbit_id: JPL 122
pdes: 10165.0
per: 501.1122372992319
per_y: 1.37197053333123
pha: N
prefix: .nan
price: 261017885406.99197
producer: Otto Matic
profit: 19861668543.070007
prov_des: 1995 BL2
q: 0.6127449647834073
rms: 0.60001
rot_per: .nan
saved: -431798159001.8524
score: 134.78743162999746
sigma_a: 3.2936e-09
sigma_ad: 4.9526e-09
sigma_e: 7.1769e-08
sigma_i: 9.3869e-06
sigma_ma: 2.5829e-05
sigma_n: 2.8745e-09
sigma_om: 1.0576e-05
sigma_per: 2.0051e-06
sigma_q: 8.8488e-08
sigma_tp: 3.5557e-05
sigma_w: 1.6336e-05
spec: L
spec_B: L
spec_T: .nan
spkid: 2010165.0
t_jup: 4.984
tp: 2457967.2962484416
tp_cal: 20170801.7962484
two_body: .nan
w: 348.4291456689385
