A1: .nan
A2: 6.11653514199254e-14
A3: .nan
BV: .nan
G: .nan
GM: .nan
H: 19.3
H_sigma: .nan
IR: .nan
UB: .nan
a: 1.272461512574528
ad: 1.44622918640332
albedo: .nan
class: AMO
closeness: 5248.8041708285555
condition_code: 0.0
data_arc: 9733.0
diameter: .nan
diameter_sigma: .nan
dv: 4.888815
e: 0.1365602590817959
epoch: 2453968.5
epoch_cal: 20060821.0
epoch_mjd: 53968.0
equinox: J2000
est_diameter: 0.47367378676019345
extent: .nan
first_obs: '1989-06-06'
full_name: 10302 (1989 ML)
i: 4.377896318785176
id: a0010302
inexact: .nan
last_obs: '2016-01-29'
ma: 332.6731684547715
moid: 0.0820288
moid_jup: 3.64543
moid_ld: 31.923148096
n: 0.6866526348315986
n_del_obs_used: .nan
n_dop_obs_used: .nan
n_obs_used: 414.0
name: .nan
neo: Y
om: 104.4061708412921
orbit_id: JPL 85
pdes: 10302.0
per: 524.2825582228924
per_y: 1.43540741471018
pha: N
prefix: .nan
price: 13941858907.084631
producer: Otto Matic
profit: 4379884826.959888
prov_des: 1989 ML
q: 1.098693838745737
rms: 0.50627
rot_per: 19.0
saved: 199492161783.5526
score: 262.46020854142773
sigma_a: 2.388e-09
sigma_ad: 2.7141e-09
sigma_e: 4.9613e-08
sigma_i: 5.1798e-06
sigma_ma: 2.592e-05
sigma_n: 1.9329e-09
sigma_om: 6.1462e-05
sigma_per: 1.4759e-06
sigma_q: 6.2239e-08
sigma_tp: 3.7744e-05
sigma_w: 6.6242e-05
spec: X
spec_B: X
spec_T: .nan
spkid: 2010302.0
t_jup: 5.066
tp: 2454008.297169863
tp_cal: 20060929.7971699
two_body: .nan
w: 183.2427041176045
