A1: .nan
A2: .nan
A3: .nan
BV: .nan
G: .nan
GM: .nan
H: 16.6
H_sigma: .nan
IR: .nan
UB: .nan
a: 1.540482012212544
ad: 2.111430693453673
albedo: 0.052
class: APO
closeness: 3172.6462351187274
condition_code: 0.0
data_arc: 13952.0
diameter: 3.21
diameter_sigma: .nan
dv: 6.382391
e: 0.3706298916279424
epoch: 2458200.5
epoch_cal: 20180323.0
epoch_mjd: 58200.0
equinox: J2000
est_diameter: .nan
extent: .nan
first_obs: '1979-11-16'
full_name: 25330 (1999 KV4)
i: 14.3292797967298
id: a0025330
inexact: .nan
last_obs: '2018-01-27'
ma: 331.9918201310927
moid: 0.172636
moid_jup: 3.02686
moid_ld: 67.18475212
n: 0.5154886727030192
n_del_obs_used: .nan
n_dop_obs_used: .nan
n_obs_used: 626.0
name: .nan
neo: Y
om: 50.60921956666382
orbit_id: JPL 113
pdes: 25330.0
per: 698.3664609200858
per_y: 1.91202316473672
pha: N
prefix: .nan
price: 25684288253828.87
producer: Otto Matic
profit: 3735863659632.8213
prov_des: 1999 KV4
q: 0.9695333309714139
rms: 0.51857
rot_per: 4.919
saved: -15169928779580.486
score: 158.65231175593638
sigma_a: 8.6157e-09
sigma_ad: 1.1809e-08
sigma_e: 3.8978e-08
sigma_i: 7.8095e-06
sigma_ma: 2.918e-05
sigma_n: 4.3246e-09
sigma_om: 2.0339e-05
sigma_per: 5.8588e-06
sigma_q: 6.0332e-08
sigma_tp: 5.7049e-05
sigma_w: 2.4329e-05
spec: B
spec_B: B
spec_T: .nan
spkid: 2025330.0
t_jup: 4.357
tp: 2458254.8332595886
tp_cal: 20180516.3332596
two_body: .nan
w: 85.98621409617479
