A1: .nan
A2: .nan
A3: .nan
BV: .nan
G: .nan
GM: .nan
H: 16.9
H_sigma: .nan
IR: .nan
UB: .nan
a: 1.442761759199435
ad: 2.140758418592907
albedo: .nan
class: APO
closeness: 3087.8210753150006
condition_code: 0.0
data_arc: 9802.0
diameter: .nan
diameter_sigma: .nan
dv: 6.545833
e: 0.4837920432412756
epoch: 2458200.5
epoch_cal: 20180323.0
epoch_mjd: 58200.0
equinox: J2000
est_diameter: 1.4304719672357855
extent: .nan
first_obs: '1990-03-22'
full_name: 35396 (1997 XF11)
i: 4.098879855364157
id: a0035396
inexact: .nan
last_obs: '2017-01-21'
ma: 346.8174632036148
moid: 0.00044192
moid_jup: 3.18465
moid_ld: 0.1719820064
n: 0.5687378604137642
n_del_obs_used: 5.0
n_dop_obs_used: 1.0
n_obs_used: 1695.0
name: .nan
neo: Y
om: 213.7529794777552
orbit_id: JPL 271
pdes: 35396.0
per: 632.9805435110216
per_y: 1.73300627929096
pha: Y
prefix: .nan
price: 383990679797.835
producer: Otto Matic
profit: 53002106415.92288
prov_des: 1997 XF11
q: 0.7447650998059632
rms: 0.39215
rot_per: 3.259
saved: 5494470380752.437
score: 154.41105376575004
sigma_a: 1.634e-09
sigma_ad: 2.4244e-09
sigma_e: 1.6345e-08
sigma_i: 3.9943e-06
sigma_ma: 6.3325e-06
sigma_n: 9.6616e-10
sigma_om: 2.2091e-05
sigma_per: 1.0753e-06
sigma_q: 2.4319e-08
sigma_tp: 1.1173e-05
sigma_w: 2.262e-05
spec: Xk
spec_B: Xk
spec_T: .nan
spkid: 2035396.0
t_jup: 4.526
tp: 2458223.6785814064
tp_cal: 20180415.1785814
two_body: .nan
w: 102.914853221757
