A1: .nan
A2: .nan
A3: .nan
BV: .nan
G: .nan
GM: .nan
H: 17.7
H_sigma: .nan
IR: .nan
UB: .nan
a: 1.917402637595283
ad: 2.74258866108575
albedo: 0.227
class: AMO
closeness: 3441.2359925392575
condition_code: 0.0
data_arc: 11208.0
diameter: 0.844
diameter_sigma: 0.228
dv: 6.00986
e: 0.430366584102219
epoch: 2458200.5
epoch_cal: 20180323.0
epoch_mjd: 58200.0
equinox: J2000
est_diameter: .nan
extent: .nan
first_obs: '1986-09-10'
full_name: 48603 (1995 BC2)
i: 5.024842287296242
id: a0048603
inexact: .nan
last_obs: '2017-05-18'
ma: 292.1514148115564
moid: 0.135086
moid_jup: 2.68094
moid_ld: 52.57141862
n: 0.3712223307920741
n_del_obs_used: .nan
n_dop_obs_used: .nan
n_obs_used: 424.0
name: .nan
neo: Y
om: 328.2896949065942
orbit_id: JPL 90
pdes: 48603.0
per: 969.7692464563512
per_y: 2.65508349474703
pha: N
prefix: .nan
price: 78869660059.67476
producer: Otto Matic
profit: 13214334950.932186
prov_des: 1995 BC2
q: 1.092216614104816
rms: 0.60862
rot_per: .nan
saved: 1128535232589.621
score: 172.0817996269629
sigma_a: 5.596e-09
sigma_ad: 8.0043e-09
sigma_e: 5.4938e-08
sigma_i: 7.9886e-06
sigma_ma: 1.4578e-05
sigma_n: 1.6251e-09
sigma_om: 5.9244e-05
sigma_per: 4.2454e-06
sigma_q: 1.0693e-07
sigma_tp: 3.9654e-05
sigma_w: 6.0681e-05
spec: X
spec_B: X
spec_T: .nan
spkid: 2048603.0
t_jup: 3.805
tp: 2458383.270753698
tp_cal: 20180921.7707537
two_body: .nan
w: 81.76862851510009
