A1: .nan
A2: .nan
A3: .nan
BV: .nan
G: .nan
GM: .nan
H: 15.2
H_sigma: .nan
IR: .nan
UB: .nan
a: 2.7261824538465
ad: 4.474151471299955
albedo: .nan
class: APO
closeness: 2731.768929594239
condition_code: 0.0
data_arc: 10146.0
diameter: 7.0
diameter_sigma: 1.4
dv: 7.856512
e: 0.6411782949402969
epoch: 2458200.5
epoch_cal: 20180323.0
epoch_mjd: 58200.0
equinox: J2000
est_diameter: .nan
extent: .nan
first_obs: '1990-04-27'
full_name: 53319 (1999 JM8)
i: 13.82922369169608
id: a0053319
inexact: .nan
last_obs: '2018-02-05'
ma: 62.79931697849661
moid: 0.0238397
moid_jup: 0.849072
moid_ld: 9.277696049
n: 0.2189634849162969
n_del_obs_used: 8.0
n_dop_obs_used: 10.0
n_obs_used: 1222.0
name: .nan
neo: Y
om: 133.6392457658796
orbit_id: JPL 215
pdes: 53319.0
per: 1644.10974796833
per_y: 4.50132716760665
pha: Y
prefix: .nan
price: 44996294350290.57
producer: Otto Matic
profit: 4578004051153.941
prov_des: 1999 JM8
q: 0.9782134363930467
rms: 0.43836
rot_per: 136.0
saved: 643845852408326.2
score: 136.60844647971197
sigma_a: 5.7108e-09
sigma_ad: 9.3725e-09
sigma_e: 8.9178e-09
sigma_i: 3.0047e-06
sigma_ma: 2.5599e-06
sigma_n: 6.8803e-10
sigma_om: 7.2984e-06
sigma_per: 5.1662e-06
sigma_q: 2.4844e-08
sigma_tp: 1.0809e-05
sigma_w: 8.9628e-06
spec: X
spec_B: X
spec_T: .nan
spkid: 2053319.0
t_jup: 2.987
tp: 2457913.6973077497
tp_cal: 20170609.1973077
two_body: .nan
w: 166.7719119134354
