A1: .nan
A2: -3.896260079821375e-14
A3: .nan
BV: .nan
G: .nan
GM: .nan
H: 19.5
H_sigma: .nan
IR: .nan
UB: .nan
a: 0.9151005840247851
ad: 1.157356635923874
albedo: 0.033
class: ATE
closeness: 3189.7170200300807
condition_code: 0.0
data_arc: 23014.0
diameter: 0.918
diameter_sigma: 0.01
dv: 6.401666
e: 0.2647316110690273
epoch: 2456419.5
epoch_cal: 20130507.0
epoch_mjd: 56419.0
equinox: J2000
est_diameter: .nan
extent: .nan
first_obs: '1954-11-20'
full_name: 65679 (1989 UQ)
i: 1.299319075129616
id: a0065679
inexact: .nan
last_obs: '2017-11-23'
ma: 167.2036955973838
moid: 0.0139803
moid_jup: 3.79415
moid_ld: 5.440713351
n: 1.125902607993913
n_del_obs_used: .nan
n_dop_obs_used: .nan
n_obs_used: 725.0
name: .nan
neo: Y
om: 178.2454147467905
orbit_id: JPL 124
pdes: 65679.0
per: 319.7434639941312
per_y: 0.875409894576677
pha: Y
prefix: .nan
price: 600731605805.0773
producer: Otto Matic
profit: 87584018300.91937
prov_des: 1989 UQ
q: 0.672844532125696
rms: 0.45263
rot_per: 7.748
saved: -354810520176.5721
score: 159.50585100150406
sigma_a: 2.832e-09
sigma_ad: 3.5818e-09
sigma_e: 2.5976e-07
sigma_i: 5.7546e-06
sigma_ma: 4.5361e-05
sigma_n: 5.2266e-09
sigma_om: 0.00010867
sigma_per: 1.4843e-06
sigma_q: 2.362e-07
sigma_tp: 4.0735e-05
sigma_w: 0.00011113
spec: B
spec_B: B
spec_T: .nan
spkid: 2065679.0
t_jup: 6.495
tp: 2456270.9936421583
tp_cal: 20121209.4936422
two_body: .nan
w: 14.89537402204791
