A1: .nan
A2: .nan
A3: .nan
BV: .nan
G: .nan
GM: .nan
H: 16.4
H_sigma: .nan
IR: .nan
UB: .nan
a: 2.398208159263498
ad: 3.729753123463227
albedo: .nan
class: AMO
closeness: 2884.1192744458585
condition_code: 0.0
data_arc: 9554.0
diameter: .nan
diameter_sigma: .nan
dv: 7.00583
e: 0.5552249328551416
epoch: 2458200.5
epoch_cal: 20180323.0
epoch_mjd: 58200.0
equinox: J2000
est_diameter: 1.800857510412324
extent: .nan
first_obs: '1992-07-01'
full_name: 65706 (1992 NA)
i: 9.634560568582453
id: a0065706
inexact: .nan
last_obs: '2018-08-28'
ma: 319.803245836792
moid: 0.0629537
moid_jup: 1.72699
moid_ld: 24.499691429
n: 0.265383403515031
n_del_obs_used: .nan
n_dop_obs_used: .nan
n_obs_used: 414.0
name: .nan
neo: Y
om: 349.1967784608628
orbit_id: JPL 88
pdes: 65706.0
per: 1356.527933667902
per_y: 3.71397107095935
pha: N
prefix: .nan
price: 4547789048254.033
producer: Otto Matic
profit: 547821628020.3036
prov_des: 1992 NA
q: 1.06666319506377
rms: 0.50808
rot_per: 6.992
saved: -3794768989365.9946
score: 144.22596372229293
sigma_a: 3.6961e-09
sigma_ad: 5.7482e-09
sigma_e: 3.8685e-08
sigma_i: 6.8524e-06
sigma_ma: 6.4546e-06
sigma_n: 6.1351e-10
sigma_om: 2.8153e-05
sigma_per: 3.136e-06
sigma_q: 9.2665e-08
sigma_tp: 2.456e-05
sigma_w: 2.8711e-05
spec: C
spec_B: C
spec_T: .nan
spkid: 2065706.0
t_jup: 3.283
tp: 2458351.9667218477
tp_cal: 20180821.4667218
two_body: .nan
w: 8.692879588507259
