A1: .nan
A2: .nan
A3: .nan
BV: .nan
G: .nan
GM: .nan
H: 18.0
H_sigma: .nan
IR: .nan
UB: .nan
a: 1.644588561816618
ad: 2.275835710451855
albedo: .nan
class: APO
closeness: 4647.459085543634
condition_code: 0.0
data_arc: 7686.0
diameter: 0.78
diameter_sigma: 0.08
dv: 5.163731
e: 0.3838328705983211
epoch: 2457800.5
epoch_cal: 20170216.0
epoch_mjd: 57800.0
equinox: J2000
est_diameter: .nan
extent: .nan
first_obs: '1996-04-11'
full_name: 65803 Didymos (1996 GT)
i: 3.407679182063813
id: a0065803
inexact: .nan
last_obs: '2017-04-27'
ma: 110.7962199046193
moid: 0.0406808
moid_jup: 3.16266
moid_ld: 15.831746936
n: 0.4673240973573958
n_del_obs_used: 6.0
n_dop_obs_used: 0.0
n_obs_used: 863.0
name: Didymos
neo: Y
om: 73.22185799635652
orbit_id: JPL 134
pdes: 65803.0
per: 770.3433271164755
per_y: 2.1090850845078
pha: Y
prefix: .nan
price: 62253881855.74079
producer: Davide Farnocchia
profit: 16394706368.256351
prov_des: 1996 GT
q: 1.013341413181381
rms: 0.32267
rot_per: 2.2593
saved: 890782323475.4404
score: 232.3929542771817
sigma_a: 7.7121e-09
sigma_ad: 1.0672e-08
sigma_e: 9.8107e-09
sigma_i: 3.275e-06
sigma_ma: 1.7727e-05
sigma_n: 3.2872e-09
sigma_om: 2.3681e-05
sigma_per: 5.4187e-06
sigma_q: 1.8414e-08
sigma_tp: 3.6274e-05
sigma_w: 2.6016e-05
spec: Xk
spec_B: Xk
spec_T: .nan
spkid: 2065803.0
t_jup: 4.2
tp: 2457563.413531463
tp_cal: 20160623.9135315
two_body: .nan
w: 319.2515891346795
