A1: .nan
A2: .nan
A3: .nan
BV: .nan
G: .nan
GM: .nan
H: 15.9
H_sigma: .nan
IR: .nan
UB: .nan
a: 1.759185455213655
ad: 2.778595451227139
albedo: 0.14
class: APO
closeness: 2868.2445489978636
condition_code: 0.0
data_arc: 6983.0
diameter: 2.22
diameter_sigma: .nan
dv: 7.131559
e: 0.5794784131441537
epoch: 2458200.5
epoch_cal: 20180323.0
epoch_mjd: 58200.0
equinox: J2000
est_diameter: .nan
extent: .nan
first_obs: '1999-06-11'
full_name: 86039 (1999 NC43)
i: 7.125087022654216
id: a0086039
inexact: .nan
last_obs: '2018-07-24'
ma: 284.2048516037799
moid: 0.0248937
moid_jup: 2.57196
moid_ld: 9.687881229
n: 0.4224123775257287
n_del_obs_used: .nan
n_dop_obs_used: .nan
n_obs_used: 932.0
name: .nan
neo: Y
om: 311.7524042403604
orbit_id: JPL 182
pdes: 86039.0
per: 852.2477539808189
per_y: 2.33332718406795
pha: Y
prefix: .nan
price: 2609752931.545384
producer: Otto Matic
profit: 307125822.1276781
prov_des: 1999 NC43
q: 0.7397754592001705
rms: 0.44621
rot_per: 34.49
saved: -8540014593718.67
score: 143.41744695575628
sigma_a: 3.2371e-09
sigma_ad: 5.113e-09
sigma_e: 4.648e-08
sigma_i: 7.5747e-06
sigma_ma: 5.9245e-06
sigma_n: 1.1659e-09
sigma_om: 3.5919e-05
sigma_per: 2.3524e-06
sigma_q: 8.1994e-08
sigma_tp: 1.4368e-05
sigma_w: 3.5529e-05
spec: Q
spec_B: Q
spec_T: .nan
spkid: 2086039.0
t_jup: 3.898
tp: 2458379.9340138426
tp_cal: 20180918.4340138
two_body: .nan
w: 120.6201353276822
