A1: .nan
A2: .nan
A3: .nan
BV: .nan
G: .nan
GM: .nan
H: 18.2
H_sigma: .nan
IR: .nan
UB: .nan
a: 0.9680903917297128
ad: 1.369685677151781
albedo: .nan
class: ATE
closeness: 2704.496648239703
condition_code: 0.0
data_arc: 6637.0
diameter: .nan
diameter_sigma: .nan
dv: 11.089464
e: 0.4148324256214623
epoch: 2458200.5
epoch_cal: 20180323.0
epoch_mjd: 58200.0
equinox: J2000
est_diameter: 0.7861028149035884
extent: .nan
first_obs: '2000-01-25'
full_name: 86450 (2000 CK33)
i: 18.10602608318903
id: a0086450
inexact: .nan
last_obs: '2018-03-28'
ma: 112.5462071248009
moid: 0.124992
moid_jup: 4.02172
moid_ld: 48.64313664
n: 1.034737548960766
n_del_obs_used: .nan
n_dop_obs_used: .nan
n_obs_used: 463.0
name: .nan
neo: Y
om: 124.8713962040435
orbit_id: JPL 86
pdes: 86450.0
per: 347.9143096349065
per_y: 0.95253746648845
pha: N
prefix: .nan
price: 63726590477.05343
producer: Otto Matic
profit: 4547595373.851564
prov_des: 2000 CK33
q: 0.5664951063076443
rms: 0.52548
rot_per: 6.6045
saved: 911855110720.0194
score: 135.24483241198516
sigma_a: 6.9462e-09
sigma_ad: 9.8277e-09
sigma_e: 1.2515e-07
sigma_i: 1.5145e-05
sigma_ma: 6.5404e-05
sigma_n: 1.1137e-08
sigma_om: 1.6137e-05
sigma_per: 3.7445e-06
sigma_q: 1.2341e-07
sigma_tp: 6.2164e-05
sigma_w: 2.2284e-05
spec: Xk
spec_B: Xk
spec_T: .nan
spkid: 2086450.0
t_jup: 6.121
tp: 2458091.7321223505
tp_cal: 20171204.2321224
two_body: .nan
w: 215.5995853337764
