A1: .nan
A2: .nan
A3: .nan
BV: .nan
G: .nan
GM: .nan
H: 14.6
H_sigma: .nan
IR: .nan
UB: .nan
a: 3.763195607496796
ad: 6.251813004718856
albedo: .nan
class: AMO
closeness: 2713.0480063773152
condition_code: 0.0
data_arc: 13203.0
diameter: .nan
diameter_sigma: .nan
dv: 7.902776
e: 0.661304289435393
epoch: 2458200.5
epoch_cal: 20180323.0
epoch_mjd: 58200.0
equinox: J2000
est_diameter: 4.1255262178474945
extent: .nan
first_obs: '1982-04-20'
full_name: 85490 (1997 SE5)
i: 2.572538822542097
id: a0085490
inexact: .nan
last_obs: '2018-06-13'
ma: 311.84165695933
moid: 0.270278
moid_jup: 0.296832
moid_ld: 105.18408926
n: 0.1350109161186867
n_del_obs_used: .nan
n_dop_obs_used: .nan
n_obs_used: 745.0
name: .nan
neo: Y
om: 247.8241025808271
orbit_id: JPL 98
pdes: 85490.0
per: 2666.451057065103
per_y: 7.30034512543492
pha: N
prefix: .nan
price: 76103919.0889479
producer: Otto Matic
profit: 7644869.368175399
prov_des: 1997 SE5
q: 1.274578210274735
rms: 0.56558
rot_per: 9.0583
saved: -38115379477048.086
score: 135.65255252670394
sigma_a: 8.6383e-08
sigma_ad: 1.4351e-07
sigma_e: 5.081e-08
sigma_i: 6.2065e-06
sigma_ma: 2.3839e-05
sigma_n: 4.6487e-09
sigma_om: 0.00016835
sigma_per: 9.1812e-05
sigma_q: 2.0411e-07
sigma_tp: 0.00018458
sigma_w: 0.00016924
spec: T
spec_B: T
spec_T: .nan
spkid: 2085490.0
t_jup: 2.657
tp: 2458557.199624187
tp_cal: 20190314.6996242
two_body: .nan
w: 93.90952223339538
