A1: .nan
A2: -3.357029699694451e-14
A3: .nan
BV: .nan
G: .nan
GM: .nan
H: 20.2
H_sigma: .nan
IR: .nan
UB: .nan
a: 1.008083724396869
ad: 1.321977680465678
albedo: 0.095
class: APO
closeness: 3034.7582621838674
condition_code: 0.0
data_arc: 6866.0
diameter: 0.451
diameter_sigma: 0.026
dv: 6.700301
e: 0.3113768712579995
epoch: 2456168.5
epoch_cal: 20120829.0
epoch_mjd: 56168.0
equinox: J2000
est_diameter: .nan
extent: .nan
first_obs: '1999-05-13'
full_name: 85990 (1999 JV6)
i: 5.319122367763862
id: a0085990
inexact: .nan
last_obs: '2018-02-28'
ma: 315.7032464215569
moid: 0.0317855
moid_jup: 4.11925
moid_ld: 12.369963035
n: 0.9737762302868039
n_del_obs_used: 15.0
n_dop_obs_used: 0.0
n_obs_used: 1135.0
name: .nan
neo: Y
om: 124.549621362229
orbit_id: JPL 241
pdes: 85990.0
per: 369.6947910650582
per_y: 1.01216917471611
pha: Y
prefix: .nan
price: 12034062278.372293
producer: Otto Matic
profit: 1594877328.9130182
prov_des: 1999 JV6
q: 0.6941897683280607
rms: 0.38131
rot_per: 6.538
saved: 172193759451.29266
score: 151.75791310919337
sigma_a: 4.2095e-10
sigma_ad: 5.5202e-10
sigma_e: 9.8781e-09
sigma_i: 2.1407e-06
sigma_ma: 1.3656e-06
sigma_n: 6.0993e-10
sigma_om: 8.5903e-06
sigma_per: 2.3156e-07
sigma_q: 1.0109e-08
sigma_tp: 1.3831e-06
sigma_w: 8.6155e-06
spec: Xk
spec_B: Xk
spec_T: .nan
spkid: 2085990.0
t_jup: 5.995
tp: 2456213.989664053
tp_cal: 20121013.4896641
two_body: .nan
w: 235.3416706236537
