A1: .nan
A2: .nan
A3: .nan
BV: .nan
G: .nan
GM: .nan
H: 17.1
H_sigma: .nan
IR: .nan
UB: .nan
a: 0.8830998155529205
ad: 1.441992403334486
albedo: 0.056
class: ATE
closeness: 2708.5909837541585
condition_code: 0.0
data_arc: 10251.0
diameter: 1.462
diameter_sigma: 0.021
dv: 14.846034
e: 0.632875896856162
epoch: 2458200.5
epoch_cal: 20180323.0
epoch_mjd: 58200.0
equinox: J2000
est_diameter: .nan
extent: .nan
first_obs: '1990-06-22'
full_name: 85989 (1999 JD6)
i: 17.05682843906843
id: a0085989
inexact: .nan
last_obs: '2018-07-16'
ma: 8.035462476684378
moid: 0.0481537
moid_jup: 3.8637
moid_ld: 18.739975429
n: 1.187652487804469
n_del_obs_used: 11.0
n_dop_obs_used: 4.0
n_obs_used: 2558.0
name: .nan
neo: Y
om: 130.1989791679034
orbit_id: JPL 316
pdes: 85989.0
per: 303.1189709925225
per_y: 0.82989451332655
pha: Y
prefix: .nan
price: 4771880802787.093
producer: Otto Matic
profit: 254746253144.38516
prov_des: 1999 JD6
q: 0.3242072277713547
rms: 0.30481
rot_per: 7.6638
saved: -4010596764970.1787
score: 135.44954918770793
sigma_a: 1.1638e-09
sigma_ad: 1.9003e-09
sigma_e: 2.6162e-08
sigma_i: 3.9224e-06
sigma_ma: 2.3698e-06
sigma_n: 2.3477e-09
sigma_om: 2.4115e-06
sigma_per: 5.992e-07
sigma_q: 2.3107e-08
sigma_tp: 1.9837e-06
sigma_w: 1.3076e-06
spec: K
spec_B: K
spec_T: .nan
spkid: 2085989.0
t_jup: 6.502
tp: 2458193.734163563
tp_cal: 20180316.2341636
two_body: .nan
w: 309.1883927765962
