A1: .nan
A2: -5.892929578821757e-15
A3: .nan
BV: .nan
G: .nan
GM: .nan
H: 19.2
H_sigma: .nan
IR: .nan
UB: .nan
a: 1.40368306001145
ad: 1.865644705507632
albedo: 0.042
class: APO
closeness: 3285.332899586666
condition_code: 0.0
data_arc: 9192.0
diameter: 0.939
diameter_sigma: 0.007
dv: 6.221524
e: 0.3291068038481656
epoch: 2455670.5
epoch_cal: 20110419.0
epoch_mjd: 55670.0
equinox: J2000
est_diameter: .nan
extent: .nan
first_obs: '1989-04-30'
full_name: 85774 (1998 UT18)
i: 13.58936740086063
id: a0085774
inexact: .nan
last_obs: '2014-06-30'
ma: 135.4284144516947
moid: 0.0371195
moid_jup: 3.30261
moid_ld: 14.445795815
n: 0.5926529980962271
n_del_obs_used: 4.0
n_dop_obs_used: 4.0
n_obs_used: 594.0
name: .nan
neo: Y
om: 64.69324536867637
orbit_id: JPL 138
pdes: 85774.0
per: 607.4380812320602
per_y: 1.66307482883521
pha: Y
prefix: .nan
price: 644702024580.3337
producer: Otto Matic
profit: 99615490230.63084
prov_des: 1998 UT18
q: 0.9417214145152691
rms: 0.42448
rot_per: 34.0
saved: -537952667615.08453
score: 164.28664497933332
sigma_a: 1.0976e-10
sigma_ad: 1.4588e-10
sigma_e: 1.2086e-08
sigma_i: 8.5021e-06
sigma_ma: 1.9693e-06
sigma_n: 6.9511e-11
sigma_om: 5.6562e-06
sigma_per: 7.1245e-08
sigma_q: 1.6937e-08
sigma_tp: 3.342e-06
sigma_w: 7.8356e-06
spec: C
spec_B: C
spec_T: .nan
spkid: 2085774.0
t_jup: 4.66
tp: 2455441.9878438367
tp_cal: 20100902.4878438
two_body: .nan
w: 50.04301234482033
