A1: .nan
A2: .nan
A3: .nan
BV: .nan
G: .nan
GM: .nan
H: 18.5
H_sigma: .nan
IR: .nan
UB: .nan
a: 1.032548390671834
ad: 1.259046972745844
albedo: .nan
class: APO
closeness: 3899.156002716339
condition_code: 0.0
data_arc: 8854.0
diameter: .nan
diameter_sigma: .nan
dv: 5.635712
e: 0.2193588059603062
epoch: 2458200.5
epoch_cal: 20180323.0
epoch_mjd: 58200.0
equinox: J2000
est_diameter: 0.6846669297430096
extent: .nan
first_obs: '1982-11-10'
full_name: 98943 (2001 CC21)
i: 4.808533490797227
id: a0098943
inexact: .nan
last_obs: '2007-02-06'
ma: 29.47181585053774
moid: 0.0830615
moid_jup: 3.76902
moid_ld: 32.325043955
n: 0.9393738206474215
n_del_obs_used: .nan
n_dop_obs_used: .nan
n_obs_used: 628.0
name: .nan
neo: Y
om: 75.5790589093708
orbit_id: JPL 122
pdes: 98943.0
per: 383.234014071082
per_y: 1.04923754708031
pha: N
prefix: .nan
price: 147043126927.98822
producer: Otto Matic
profit: 29768146209.74246
prov_des: 2001 CC21
q: 0.8060498085978249
rms: 0.48303
rot_per: 5.017
saved: -243251344260.87195
score: 194.97780013581698
sigma_a: 1.1211e-08
sigma_ad: 1.367e-08
sigma_e: 9.2816e-08
sigma_i: 4.1647e-06
sigma_ma: 9.4551e-05
sigma_n: 1.5299e-08
sigma_om: 4.2185e-05
sigma_per: 6.2416e-06
sigma_q: 8.7778e-08
sigma_tp: 0.00010015
sigma_w: 4.4709e-05
spec: L
spec_B: L
spec_T: .nan
spkid: 2098943.0
t_jup: 5.906
tp: 2458169.126104749
tp_cal: 20180219.6261047
two_body: .nan
w: 179.320832345743
