A1: .nan
A2: -4.614425168815923e-14
A3: .nan
BV: 0.64
G: -0.08
GM: 5.2e-09
H: 20.19
H_sigma: 0.06
IR: -0.33
UB: 0.16
a: 1.126391025934071
ad: 1.355887687702265
albedo: 0.046
class: APO
closeness: 4809.139676759755
condition_code: 0.0
data_arc: 6821.0
diameter: 0.492
diameter_sigma: 0.02
dv: 5.095923
e: 0.2037451084785423
epoch: 2455562.5
epoch_cal: 20110101.0
epoch_mjd: 55562.0
equinox: J2000
est_diameter: .nan
extent: 0.565 x 0.535 x 0.508
first_obs: '1999-09-11'
full_name: 101955 Bennu (1999 RQ36)
i: 6.034939533607825
id: a0101955
inexact: .nan
last_obs: '2018-05-15'
ma: 101.7039479473255
moid: 0.0032228
moid_jup: 3.87795
moid_ld: 1.254217076
n: 0.8244613502889271
n_del_obs_used: 22.0
n_dop_obs_used: 7.0
n_obs_used: 518.0
name: Bennu
neo: Y
om: 2.060867329373625
orbit_id: JPL 97
pdes: 101955.0
per: 436.6487281348487
per_y: 1.19547906402423
pha: Y
prefix: .nan
price: 669957009.2821819
producer: Otto Matic
profit: 185002121.85776094
prov_des: 1999 RQ36
q: 0.8968943641658774
rms: 0.27502
rot_per: 4.297
saved: -395697167.69069386
score: 240.45832375200632
sigma_a: 4.0261e-11
sigma_ad: 4.8464e-11
sigma_e: 2.2082e-08
sigma_i: 2.8213e-06
sigma_ma: 2.6478e-06
sigma_n: 4.4203e-11
sigma_om: 3.9444e-06
sigma_per: 2.3411e-08
sigma_q: 2.486e-08
sigma_tp: 3.2088e-06
sigma_w: 6.0706e-06
spec: B
spec_B: B
spec_T: .nan
spkid: 2101955.0
t_jup: 5.525
tp: 2455439.141945785
tp_cal: 20100830.6419458
two_body: .nan
w: 66.22306846088361
