A1: .nan
A2: .nan
A3: .nan
BV: .nan
G: .nan
GM: .nan
H: 14.6
H_sigma: .nan
IR: .nan
UB: .nan
a: 0.8191240287609861
ad: 1.197986691998917
albedo: .nan
class: ATE
closeness: 2710.8395433350743
condition_code: 0.0
data_arc: 6626.0
diameter: .nan
diameter_sigma: .nan
dv: 13.130306
e: 0.4625217304527148
epoch: 2458200.5
epoch_cal: 20180323.0
epoch_mjd: 58200.0
equinox: J2000
est_diameter: 4.1255262178474945
extent: .nan
first_obs: '1999-04-20'
full_name: 137170 (1999 HF1)
i: 25.66117301529924
id: a0137170
inexact: .nan
last_obs: '2017-06-10'
ma: 298.5143431431243
moid: 0.173643
moid_jup: 4.31419
moid_ld: 67.57664631
n: 1.329473162582287
n_del_obs_used: .nan
n_dop_obs_used: .nan
n_obs_used: 3140.0
name: .nan
neo: Y
om: 155.8806101607922
orbit_id: JPL 370
pdes: 137170.0
per: 270.7839542249638
per_y: 0.74136606221756
pha: N
prefix: .nan
price: 9211294832957.182
producer: Otto Matic
profit: 556461200818.5559
prov_des: 1999 HF1
q: 0.4402613655230556
rms: 0.34428
rot_per: 2.3192
saved: 131803164219264.88
score: 135.56197716675373
sigma_a: 1.6923e-09
sigma_ad: 2.475e-09
sigma_e: 8.199e-08
sigma_i: 7.6535e-06
sigma_ma: 2.0274e-05
sigma_n: 4.1199e-09
sigma_om: 2.3465e-05
sigma_per: 8.3914e-07
sigma_q: 6.7808e-08
sigma_tp: 1.5349e-05
sigma_w: 2.0995e-05
spec: X
spec_B: X
spec_T: .nan
spkid: 2137170.0
t_jup: 6.987
tp: 2458246.748136922
tp_cal: 20180508.2481369
two_body: .nan
w: 253.3877739646574
