A1: .nan
A2: .nan
A3: .nan
BV: .nan
G: .nan
GM: .nan
H: 18.0
H_sigma: .nan
IR: .nan
UB: .nan
a: 1.77278933145934
ad: 2.837149194509234
albedo: .nan
class: APO
closeness: 2841.6204392927602
condition_code: 0.0
data_arc: 6952.0
diameter: .nan
diameter_sigma: .nan
dv: 7.248894
e: 0.6003871098286251
epoch: 2458200.5
epoch_cal: 20180323.0
epoch_mjd: 58200.0
equinox: J2000
est_diameter: 0.8619445964685667
extent: .nan
first_obs: '1999-01-15'
full_name: 137126 (1999 CF9)
i: 5.547292794532217
id: a0137126
inexact: .nan
last_obs: '2018-01-27'
ma: 359.1327033664399
moid: 0.0188842
moid_jup: 2.22932
moid_ld: 7.349164114
n: 0.4175595103606071
n_del_obs_used: 5.0
n_dop_obs_used: 3.0
n_obs_used: 671.0
name: .nan
neo: Y
om: 157.1008315986799
orbit_id: JPL 134
pdes: 137126.0
per: 862.1525580607699
per_y: 2.36044505971463
pha: Y
prefix: .nan
price: 152749052.49796253
producer: Otto Matic
profit: 17520967.510816496
prov_des: 1999 CF9
q: 0.7084294684094465
rms: 0.46824
rot_per: .nan
saved: -499847752536.80524
score: 142.08132746274302
sigma_a: 2.9854e-09
sigma_ad: 4.7778e-09
sigma_e: 2.081e-08
sigma_i: 8.8908e-06
sigma_ma: 1.7682e-06
sigma_n: 1.0548e-09
sigma_om: 1.9444e-05
sigma_per: 2.1778e-06
sigma_q: 3.6068e-08
sigma_tp: 4.2398e-06
sigma_w: 1.9938e-05
spec: Q
spec_B: Q
spec_T: .nan
spkid: 2137126.0
t_jup: 3.864
tp: 2458202.5770611423
tp_cal: 20180325.0770611
two_body: .nan
w: 90.22721339040307
