A1: .nan
A2: .nan
A3: .nan
BV: .nan
G: .nan
GM: .nan
H: 17.9
H_sigma: .nan
IR: .nan
UB: .nan
a: 1.179873873399759
ad: 1.896170971166986
albedo: .nan
class: APO
closeness: 2701.922079377014
condition_code: 0.0
data_arc: 6914.0
diameter: .nan
diameter_sigma: .nan
dv: 9.801787
e: 0.6070963294604075
epoch: 2458200.5
epoch_cal: 20180323.0
epoch_mjd: 58200.0
equinox: J2000
est_diameter: 0.9025667938004488
extent: .nan
first_obs: '1998-05-24'
full_name: 137158 (1999 FB)
i: 12.90034932513566
id: a0137158
inexact: .nan
last_obs: '2017-04-28'
ma: 8.128447839351686
moid: 0.197611
moid_jup: 3.52901
moid_ld: 76.90427287
n: 0.7690431306997724
n_del_obs_used: .nan
n_dop_obs_used: .nan
n_obs_used: 392.0
name: .nan
neo: Y
om: 37.11867692958311
orbit_id: JPL 92
pdes: 137158.0
per: 468.1141871359369
per_y: 1.28162679571783
pha: N
prefix: .nan
price: 175379377.80575317
producer: Otto Matic
profit: 14145924.149418779
prov_des: 1999 FB
q: 0.4635767756325318
rms: 0.56087
rot_per: 6.074
saved: -573902007272.2107
score: 135.09645472760633
sigma_a: 3.0676e-09
sigma_ad: 4.9299e-09
sigma_e: 8.8288e-08
sigma_i: 1.1464e-05
sigma_ma: 2.8632e-05
sigma_n: 2.9992e-09
sigma_om: 2.635e-05
sigma_per: 1.8256e-06
sigma_q: 1.0432e-07
sigma_tp: 3.7205e-05
sigma_w: 2.942e-05
spec: Q
spec_B: Q
spec_T: .nan
spkid: 2137158.0
t_jup: 5.148
tp: 2458189.930439575
tp_cal: 20180312.4304396
two_body: .nan
w: 3.022615207334094
