A1: .nan
A2: .nan
A3: .nan
BV: .nan
G: .nan
GM: .nan
H: 18.1
H_sigma: .nan
IR: .nan
UB: .nan
a: 1.172938224361496
ad: 2.045187188189472
albedo: .nan
class: APO
closeness: 2698.02326467285
condition_code: 0.0
data_arc: 5820.0
diameter: .nan
diameter_sigma: .nan
dv: 12.50886
e: 0.7436444185309045
epoch: 2458200.5
epoch_cal: 20180323.0
epoch_mjd: 58200.0
equinox: J2000
est_diameter: 0.8231506991887187
extent: .nan
first_obs: '2000-12-30'
full_name: 138893 (2000 YH66)
i: 18.34450458900996
id: a0138893
inexact: .nan
last_obs: '2016-12-06'
ma: 124.8865480574268
moid: 0.164401
moid_jup: 3.02346
moid_ld: 63.97993717
n: 0.7758742964456152
n_del_obs_used: .nan
n_dop_obs_used: .nan
n_obs_used: 334.0
name: .nan
neo: Y
om: 265.2783768249275
orbit_id: JPL 90
pdes: 138893.0
per: 463.9926875387012
per_y: 1.27034274480137
pha: N
prefix: .nan
price: 73167915641.87744
producer: Otto Matic
profit: 4617786844.793608
prov_des: 2000 YH66
q: 0.3006892605335198
rms: 0.60193
rot_per: 5.3
saved: 1046949747653.6284
score: 134.92116323364252
sigma_a: 7.1368e-09
sigma_ad: 1.2444e-08
sigma_e: 6.0891e-08
sigma_i: 1.1061e-05
sigma_ma: 2.286e-05
sigma_n: 7.0813e-09
sigma_om: 1.4171e-05
sigma_per: 4.2348e-06
sigma_q: 7.1379e-08
sigma_tp: 2.8252e-05
sigma_w: 1.589e-05
spec: Xk
spec_B: Xk
spec_T: .nan
spkid: 2138893.0
t_jup: 5.039
tp: 2458039.5376525815
tp_cal: 20171013.0376526
two_body: .nan
w: 341.3411236890537
