A1: .nan
A2: .nan
A3: .nan
BV: .nan
G: .nan
GM: .nan
H: 16.6
H_sigma: .nan
IR: .nan
UB: .nan
a: 0.8293200541539317
ad: 1.292312990941779
albedo: 0.027
class: ATE
closeness: 2710.810107436408
condition_code: 0.0
data_arc: 6653.0
diameter: 3.879
diameter_sigma: 0.162
dv: 12.767603
e: 0.5582801651410563
epoch: 2458200.5
epoch_cal: 20180323.0
epoch_mjd: 58200.0
equinox: J2000
est_diameter: .nan
extent: .nan
first_obs: '1999-12-28'
full_name: 137805 (1999 YK5)
i: 16.74519038652521
id: a0137805
inexact: .nan
last_obs: '2018-03-16'
ma: 198.8207437633022
moid: 0.11435
moid_jup: 3.9326
moid_ld: 44.5015895
n: 1.305030984098453
n_del_obs_used: .nan
n_dop_obs_used: .nan
n_obs_used: 886.0
name: .nan
neo: Y
om: 349.5715203575231
orbit_id: JPL 174
pdes: 137805.0
per: 275.8555194371088
per_y: 0.755251251025623
pha: N
prefix: .nan
price: 7656705936148.352
producer: Otto Matic
profit: 475682237366.20886
prov_des: 1999 YK5
q: 0.366327117366085
rms: 0.4611
rot_per: 3.93
saved: 109558763255523.36
score: 135.56050537182043
sigma_a: 1.7171e-09
sigma_ad: 2.6758e-09
sigma_e: 6.9034e-08
sigma_i: 7.0237e-06
sigma_ma: 1.8731e-05
sigma_n: 4.0532e-09
sigma_om: 3.7258e-05
sigma_per: 8.5675e-07
sigma_q: 5.7659e-08
sigma_tp: 1.4543e-05
sigma_w: 3.1223e-05
spec: X
spec_B: X
spec_T: .nan
spkid: 2137805.0
t_jup: 6.909
tp: 2458324.0060762544
tp_cal: 20180724.5060763
two_body: .nan
w: 292.8413080934404
