A1: .nan
A2: .nan
A3: .nan
BV: .nan
G: .nan
GM: .nan
H: 15.9
H_sigma: .nan
IR: .nan
UB: .nan
a: 1.291848151653064
ad: 2.278420308160612
albedo: .nan
class: APO
closeness: 2694.074846953453
condition_code: 0.0
data_arc: 23475.0
diameter: .nan
diameter_sigma: .nan
dv: 14.59428
e: 0.7636904966308301
epoch: 2458200.5
epoch_cal: 20180323.0
epoch_mjd: 58200.0
equinox: J2000
est_diameter: 2.2671452828784515
extent: .nan
first_obs: '1953-12-07'
full_name: 137925 (2000 BJ19)
i: 31.10260267803248
id: a0137925
inexact: .nan
last_obs: '2018-03-16'
ma: 335.3529903036236
moid: 0.389671
moid_jup: 3.01602
moid_ld: 151.64826307
n: 0.6712539767714181
n_del_obs_used: .nan
n_dop_obs_used: .nan
n_obs_used: 1146.0
name: .nan
neo: Y
om: 131.2376028696218
orbit_id: JPL 260
pdes: 137925.0
per: 536.3096718346753
per_y: 1.46833585717912
pha: N
prefix: .nan
price: 2779575819.8240356
producer: Otto Matic
profit: 150138042.24338284
prov_des: 2000 BJ19
q: 0.3052759951455156
rms: 0.44421
rot_per: 48.0
saved: -9095733844654.941
score: 134.7093014993123
sigma_a: 8.3671e-09
sigma_ad: 1.4757e-08
sigma_e: 6.8045e-08
sigma_i: 1.1746e-05
sigma_ma: 1.3326e-05
sigma_n: 6.5214e-09
sigma_om: 7.1114e-06
sigma_per: 5.2104e-06
sigma_q: 8.7919e-08
sigma_tp: 1.9926e-05
sigma_w: 8.8468e-06
spec: Q
spec_B: Q
spec_T: .nan
spkid: 2137925.0
t_jup: 4.579
tp: 2458237.217860228
tp_cal: 20180428.7178602
two_body: .nan
w: 175.4983369881375
