A1: .nan
A2: .nan
A3: .nan
BV: .nan
G: .nan
GM: .nan
H: 16.1
H_sigma: .nan
IR: .nan
UB: .nan
a: 0.9297101163441072
ad: 1.353414088112499
albedo: 0.237
class: ATE
closeness: 2705.4151263627864
condition_code: 0.0
data_arc: 6663.0
diameter: 1.646
diameter_sigma: 0.043
dv: 13.754435
e: 0.4557377233180165
epoch: 2458200.5
epoch_cal: 20180323.0
epoch_mjd: 58200.0
equinox: J2000
est_diameter: .nan
extent: .nan
first_obs: '2000-03-15'
full_name: 152931 (2000 EA107)
i: 28.57764209405973
id: a0152931
inexact: .nan
last_obs: '2018-06-12'
ma: 218.7197967599323
moid: 0.161632
moid_jup: 4.17769
moid_ld: 62.90232544
n: 1.099468367638773
n_del_obs_used: .nan
n_dop_obs_used: .nan
n_obs_used: 1015.0
name: .nan
neo: Y
om: 52.89971164086938
orbit_id: JPL 195
pdes: 152931.0
per: 327.4309753659752
per_y: 0.896457153637167
pha: N
prefix: .nan
price: 1063726462.4698387
producer: Otto Matic
profit: 61221837.81665026
prov_des: 2000 EA107
q: 0.5060061445757155
rms: 0.42625
rot_per: 4.137
saved: -3480881045639.006
score: 135.27288377106427
sigma_a: 2.9856e-09
sigma_ad: 4.3463e-09
sigma_e: 1.1011e-07
sigma_i: 8.1878e-06
sigma_ma: 1.7548e-05
sigma_n: 5.2961e-09
sigma_om: 1.7938e-05
sigma_per: 1.5772e-06
sigma_q: 1.0192e-07
sigma_tp: 1.6238e-05
sigma_w: 1.792e-05
spec: Q
spec_B: Q
spec_T: .nan
spkid: 2152931.0
t_jup: 6.258
tp: 2458328.9986520745
tp_cal: 20180729.4986521
two_body: .nan
w: 278.0186707353527
