A1: .nan
A2: -2.608664407995856e-14
A3: .nan
BV: .nan
G: .nan
GM: .nan
H: 19.8
H_sigma: .nan
IR: .nan
UB: .nan
a: 0.9079738794110725
ad: 1.154761243238626
albedo: 0.287
class: ATE
closeness: 2939.6981078232075
condition_code: 0.0
data_arc: 23775.0
diameter: 0.272
diameter_sigma: 0.077
dv: 6.982428
e: 0.271800069829789
epoch: 2456662.5
epoch_cal: 20140105.0
epoch_mjd: 56662.0
equinox: J2000
est_diameter: .nan
extent: .nan
first_obs: '1953-01-10'
full_name: 152563 (1992 BF)
i: 7.255079628088823
id: a0152563
inexact: .nan
last_obs: '2018-02-13'
ma: 338.7513132680388
moid: 0.0627368
moid_jup: 3.98834
moid_ld: 24.415280456
n: 1.139184432572146
n_del_obs_used: .nan
n_dop_obs_used: .nan
n_obs_used: 385.0
name: .nan
neo: Y
om: 315.4254697267849
orbit_id: JPL 69
pdes: 152563.0
per: 316.0155543796905
per_y: 0.865203434304423
pha: N
prefix: .nan
price: 2903329273.971703
producer: Otto Matic
profit: 357666117.42683494
prov_des: 1992 BF
q: 0.6611865155835186
rms: 0.49633
rot_per: .nan
saved: 37777029667.63529
score: 146.99071204970832
sigma_a: 1.067e-09
sigma_ad: 1.357e-09
sigma_e: 3.791e-08
sigma_i: 4.8889e-06
sigma_ma: 1.9195e-05
sigma_n: 2.0081e-09
sigma_om: 2.0535e-05
sigma_per: 5.5706e-07
sigma_q: 3.4086e-08
sigma_tp: 1.6831e-05
sigma_w: 2.8039e-05
spec: Xc
spec_B: Xc
spec_T: .nan
spkid: 2152563.0
t_jup: 6.528
tp: 2456681.152543104
tp_cal: 20140123.6525431
two_body: .nan
w: 336.4359932159327
