A1: .nan
A2: .nan
A3: .nan
BV: .nan
G: .nan
GM: .nan
H: 16.6
H_sigma: .nan
IR: .nan
UB: .nan
a: 2.251476076383777
ad: 3.49588271943476
albedo: 0.018
class: APO
closeness: 3205.5422001264305
condition_code: 0.0
data_arc: 17009.0
diameter: 4.692
diameter_sigma: 1.179
dv: 6.301776
e: 0.5527070245621682
epoch: 2458200.5
epoch_cal: 20180323.0
epoch_mjd: 58200.0
equinox: J2000
est_diameter: .nan
extent: .nan
first_obs: '1971-10-21'
full_name: 152679 (1998 KU2)
i: 4.927268514134981
id: a0152679
inexact: .nan
last_obs: '2018-05-16'
ma: 282.0505706260676
moid: 0.0598016
moid_jup: 1.90786
moid_ld: 23.272988672
n: 0.2917447630243069
n_del_obs_used: .nan
n_dop_obs_used: .nan
n_obs_used: 1241.0
name: .nan
neo: Y
om: 205.768856119393
orbit_id: JPL 181
pdes: 152679.0
per: 1233.955311718848
per_y: 3.37838552147529
pha: N
prefix: .nan
price: 80321400968785.4
producer: Otto Matic
profit: 11955150622289.568
prov_des: 1998 KU2
q: 1.007069433332795
rms: 0.45083
rot_per: 125.0
saved: -67507292029409.93
score: 160.29711000632153
sigma_a: 1.6935e-09
sigma_ad: 2.6295e-09
sigma_e: 2.0951e-08
sigma_i: 3.2781e-06
sigma_ma: 2.1921e-06
sigma_n: 3.2916e-10
sigma_om: 3.7323e-05
sigma_per: 1.3922e-06
sigma_q: 4.7306e-08
sigma_tp: 7.6946e-06
sigma_w: 3.7517e-05
spec: Cb
spec_B: Cb
spec_T: .nan
spkid: 2152679.0
t_jup: 3.403
tp: 2458467.683645615
tp_cal: 20181215.1836456
two_body: .nan
w: 120.2544830283101
