A1: .nan
A2: .nan
A3: .nan
BV: .nan
G: .nan
GM: .nan
H: 19.3
H_sigma: .nan
IR: .nan
UB: .nan
a: 0.9114278533134722
ad: 1.622927291081997
albedo: 0.129
class: ATE
closeness: 2708.4099094323947
condition_code: 0.0
data_arc: 6254.0
diameter: 0.51
diameter_sigma: 0.083
dv: 18.992339
e: 0.7806426314292321
epoch: 2458200.5
epoch_cal: 20180323.0
epoch_mjd: 58200.0
equinox: J2000
est_diameter: .nan
extent: .nan
first_obs: '2000-11-29'
full_name: 153201 (2000 WO107)
i: 7.770817581454359
id: a0153201
inexact: .nan
last_obs: '2018-01-13'
ma: 20.43768649290527
moid: 0.00302291
moid_jup: 3.55592
moid_ld: 1.1764258847
n: 1.132714941073326
n_del_obs_used: .nan
n_dop_obs_used: .nan
n_obs_used: 440.0
name: .nan
neo: Y
om: 69.25662859908168
orbit_id: JPL 115
pdes: 153201.0
per: 317.8204744601277
per_y: 0.870145036167358
pha: Y
prefix: .nan
price: 17401759305.715435
producer: Otto Matic
profit: 726129930.650745
prov_des: 2000 WO107
q: 0.1999284155449471
rms: 0.56263
rot_per: .nan
saved: 248999405737.07547
score: 135.44049547161976
sigma_a: 2.1855e-09
sigma_ad: 3.8915e-09
sigma_e: 6.1345e-08
sigma_i: 8.5963e-06
sigma_ma: 1.9475e-05
sigma_n: 4.0741e-09
sigma_om: 2.4326e-05
sigma_per: 1.1431e-06
sigma_q: 5.6139e-08
sigma_tp: 1.715e-05
sigma_w: 2.4409e-05
spec: X
spec_B: X
spec_T: .nan
spkid: 2153201.0
t_jup: 6.227
tp: 2458182.456902172
tp_cal: 20180304.9569022
two_body: .nan
w: 213.7030924245709
