A1: .nan
A2: .nan
A3: .nan
BV: .nan
G: .nan
GM: .nan
H: 18.6
H_sigma: .nan
IR: .nan
UB: .nan
a: 0.7405179926083698
ad: 1.006099705013161
albedo: .nan
class: ATE
closeness: 2719.4845555782413
condition_code: 0.0
data_arc: 6571.0
diameter: .nan
diameter_sigma: .nan
dv: 9.950736
e: 0.3586431593232692
epoch: 2458200.5
epoch_cal: 20180323.0
epoch_mjd: 58200.0
equinox: J2000
est_diameter: 0.6538518417986329
extent: .nan
first_obs: '2000-01-31'
full_name: 162385 (2000 BM19)
i: 6.888662353068704
id: a0162385
inexact: .nan
last_obs: '2018-01-27'
ma: 295.5362332005436
moid: 0.0834453
moid_jup: 4.25245
moid_ld: 32.474407401
n: 1.546680645992695
n_del_obs_used: 2.0
n_dop_obs_used: 0.0
n_obs_used: 199.0
name: .nan
neo: Y
om: 70.34014823190532
orbit_id: JPL 48
pdes: 162385.0
per: 232.7565169530803
per_y: 0.637252613150117
pha: N
prefix: .nan
price: 914791027124.3093
producer: Otto Matic
profit: 73154075993.04198
prov_des: 2000 BM19
q: 0.4749362802035787
rms: 0.46582
rot_per: 9.47
saved: -234282493998.47003
score: 135.99422777891206
sigma_a: 4.008e-09
sigma_ad: 5.4454e-09
sigma_e: 1.091e-07
sigma_i: 1.6109e-05
sigma_ma: 3.9419e-05
sigma_n: 1.2557e-08
sigma_om: 0.0001295
sigma_per: 1.8896e-06
sigma_q: 8.0071e-08
sigma_tp: 2.546e-05
sigma_w: 0.00012409
spec: O
spec_B: O
spec_T: .nan
spkid: 2162385.0
t_jup: 7.726
tp: 2458242.1787828607
tp_cal: 20180503.6787829
two_body: .nan
w: 247.5880616481419
