A1: .nan
A2: -3.37188018015251e-14
A3: .nan
BV: .nan
G: .nan
GM: .nan
H: 19.3
H_sigma: .nan
IR: .nan
UB: .nan
a: 1.189600821984975
ad: 1.41589353455803
albedo: .nan
class: APO
closeness: 5792.5715077837185
condition_code: 0.0
data_arc: 11075.0
diameter: .nan
diameter_sigma: .nan
dv: 4.663076
e: 0.1902257533711703
epoch: 2455907.5
epoch_cal: 20111212.0
epoch_mjd: 55907.0
equinox: J2000
est_diameter: 0.47367378676019345
extent: .nan
first_obs: '1986-04-14'
full_name: 162173 Ryugu (1999 JU3)
i: 5.883742390778817
id: a0162173
inexact: .nan
last_obs: '2016-08-09'
ma: 3.983244739497243
moid: 0.000638309
moid_jup: 3.70038
moid_ld: 0.24841071353
n: 0.7596301443702679
n_del_obs_used: .nan
n_dop_obs_used: .nan
n_obs_used: 725.0
name: Ryugu
neo: Y
om: 251.6197109778495
orbit_id: JPL 120
pdes: 162173.0
per: 473.9148422005283
per_y: 1.2975081237523
pha: Y
prefix: .nan
price: 82756156358.84914
producer: Davide Farnocchia
profit: 30080459216.340637
prov_des: 1999 JU3
q: 0.9633081094119196
rms: 0.35206
rot_per: 7.627
saved: -69053443881.75815
score: 289.6485753891859
sigma_a: 3.3264e-09
sigma_ad: 3.9592e-09
sigma_e: 4.0878e-08
sigma_i: 3.9603e-06
sigma_ma: 2.5274e-05
sigma_n: 3.1861e-09
sigma_om: 3.7157e-05
sigma_per: 1.9878e-06
sigma_q: 4.7907e-08
sigma_tp: 3.3258e-05
sigma_w: 4.1484e-05
spec: Cg
spec_B: Cg
spec_T: .nan
spkid: 2162173.0
t_jup: 5.308
tp: 2455902.2563366606
tp_cal: 20111206.7563367
two_body: .nan
w: 211.4258497031505
