A1: .nan
A2: .nan
A3: .nan
BV: .nan
G: .nan
GM: .nan
H: 19.9
H_sigma: .nan
IR: .nan
UB: .nan
a: 1.247612361549983
ad: 1.559693301634103
albedo: 0.173
class: APO
closeness: 3289.4492559665505
condition_code: 0.0
data_arc: 6548.0
diameter: 0.335
diameter_sigma: 0.007
dv: 6.22488
e: 0.250142552047499
epoch: 2458200.5
epoch_cal: 20180323.0
epoch_mjd: 58200.0
equinox: J2000
est_diameter: .nan
extent: .nan
first_obs: '2000-09-03'
full_name: 162567 (2000 RW37)
i: 13.74566201573859
id: a0162567
inexact: .nan
last_obs: '2018-08-08'
ma: 114.5704609864501
moid: 0.00772595
moid_jup: 3.56171
moid_ld: 3.0067079615
n: 0.7072689137166868
n_del_obs_used: .nan
n_dop_obs_used: .nan
n_obs_used: 205.0
name: .nan
neo: Y
om: 333.3273832117117
orbit_id: JPL 56
pdes: 162567.0
per: 509.0001737927457
per_y: 1.39356652646885
pha: Y
prefix: .nan
price: 29274984806.956284
producer: Otto Matic
profit: 4526620921.827025
prov_des: 2000 RW37
q: 0.9355314214658634
rms: 0.42026
rot_per: .nan
saved: -24427651179.69757
score: 164.49246279832752
sigma_a: 3.2412e-09
sigma_ad: 4.052e-09
sigma_e: 6.163e-08
sigma_i: 1.2423e-05
sigma_ma: 1.7937e-05
sigma_n: 2.7561e-09
sigma_om: 2.1837e-05
sigma_per: 1.9835e-06
sigma_q: 7.5619e-08
sigma_tp: 2.4987e-05
sigma_w: 2.6201e-05
spec: C
spec_B: C
spec_T: .nan
spkid: 2162567.0
t_jup: 5.092
tp: 2458038.5100429067
tp_cal: 20171012.0100429
two_body: .nan
w: 133.2435627868326
