A1: .nan
A2: .nan
A3: .nan
BV: .nan
G: .nan
GM: .nan
H: 18.4
H_sigma: .nan
IR: .nan
UB: .nan
a: 1.05404983411846
ad: 1.422719008881066
albedo: 0.072
class: APO
closeness: 3073.997738218147
condition_code: 0.0
data_arc: 6560.0
diameter: 1.196
diameter_sigma: 0.362
dv: 6.60702
e: 0.349764463528365
epoch: 2458200.5
epoch_cal: 20180323.0
epoch_mjd: 58200.0
equinox: J2000
est_diameter: .nan
extent: .nan
first_obs: '1996-03-24'
full_name: 175706 (1996 FG3)
i: 1.990980711120914
id: a0175706
inexact: .nan
last_obs: '2014-03-10'
ma: 6.944999216019265
moid: 0.0282961
moid_jup: 3.88787
moid_ld: 11.011993237
n: 0.910777634923846
n_del_obs_used: 6.0
n_dop_obs_used: 1.0
n_obs_used: 1625.0
name: .nan
neo: Y
om: 299.6984889100508
orbit_id: JPL 143
pdes: 175706.0
per: 395.2666229338197
per_y: 1.08218103472641
pha: Y
prefix: .nan
price: 1332158181012.481
producer: Otto Matic
profit: 181358935878.89233
prov_des: 1996 FG3
q: 0.6853806593558548
rms: 0.31801
rot_per: 3.5942
saved: -1111580264739.2266
score: 153.71988691090735
sigma_a: 8.191e-10
sigma_ad: 1.1056e-09
sigma_e: 1.1184e-08
sigma_i: 2.6124e-06
sigma_ma: 2.863e-06
sigma_n: 1.0617e-09
sigma_om: 8.416e-05
sigma_per: 4.6074e-07
sigma_q: 1.1845e-08
sigma_tp: 3.1353e-06
sigma_w: 8.3428e-05
spec: C
spec_B: C
spec_T: .nan
spkid: 2175706.0
t_jup: 5.779
tp: 2458192.874648927
tp_cal: 20180315.3746489
two_body: .nan
w: 24.03416687431904
