A1: .nan
A2: .nan
A3: .nan
BV: .nan
G: .nan
GM: .nan
H: 18.2
H_sigma: .nan
IR: .nan
UB: .nan
a: 1.452944595660323
ad: 2.597049421713804
albedo: 0.055
class: APO
closeness: 2691.4838075447215
condition_code: 0.0
data_arc: 5914.0
diameter: 1.244
diameter_sigma: 0.02
dv: 10.699734
e: 0.7874387154683752
epoch: 2458200.5
epoch_cal: 20180323.0
epoch_mjd: 58200.0
equinox: J2000
est_diameter: .nan
extent: .nan
first_obs: '2001-10-16'
full_name: 194268 (2001 UY4)
i: 5.436129322859802
id: a0194268
inexact: .nan
last_obs: '2017-12-25'
ma: 163.6609961294901
moid: 0.0262553
moid_jup: 2.54451
moid_ld: 10.217775101
n: 0.5627694232629623
n_del_obs_used: .nan
n_dop_obs_used: .nan
n_obs_used: 407.0
name: .nan
neo: Y
om: 160.7934684479348
orbit_id: JPL 71
pdes: 194268.0
per: 639.6936029550147
per_y: 1.75138563437376
pha: Y
prefix: .nan
price: 252547904970.3995
producer: Otto Matic
profit: 18588647889.08718
prov_des: 2001 UY4
q: 0.3088397696068404
rms: 0.51277
rot_per: 7.88
saved: 3613673603514.2817
score: 134.5941903772361
sigma_a: 3.5327e-09
sigma_ad: 6.3145e-09
sigma_e: 7.9488e-08
sigma_i: 6.4882e-06
sigma_ma: 8.3458e-06
sigma_n: 2.0525e-09
sigma_om: 0.00013971
sigma_per: 2.333e-06
sigma_q: 1.1544e-07
sigma_tp: 1.4281e-05
sigma_w: 0.00013775
spec: X
spec_B: X
spec_T: .nan
spkid: 2194268.0
t_jup: 4.23
tp: 2457909.686410341
tp_cal: 20170605.1864103
two_body: .nan
w: 107.6989930493542
