A1: .nan
A2: .nan
A3: .nan
BV: .nan
G: .nan
GM: .nan
H: 17.1
H_sigma: .nan
IR: .nan
UB: .nan
a: 1.052741566352105
ad: 1.349672682357247
albedo: 0.383
class: APO
closeness: 2717.357649140596
condition_code: 0.0
data_arc: 5917.0
diameter: 0.657
diameter_sigma: 0.193
dv: 8.943219
e: 0.2820550888230332
epoch: 2458200.5
epoch_cal: 20180323.0
epoch_mjd: 58200.0
equinox: J2000
est_diameter: .nan
extent: .nan
first_obs: '1997-10-19'
full_name: 219071 (1997 US9)
i: 20.01857885316768
id: a0219071
inexact: .nan
last_obs: '2013-12-31'
ma: 147.5109964259997
moid: 0.248952
moid_jup: 3.6157
moid_ld: 96.88464984
n: 0.9124759308392814
n_del_obs_used: .nan
n_dop_obs_used: .nan
n_obs_used: 778.0
name: .nan
neo: Y
om: 212.2174500977119
orbit_id: JPL 137
pdes: 219071.0
per: 394.5309545522779
per_y: 1.08016688446893
pha: N
prefix: .nan
price: 67645136.80487025
producer: Otto Matic
profit: 6014156.937226301
prov_des: 1997 US9
q: 0.7558104503469631
rms: 0.45894
rot_per: 3.52
saved: -221358293547.58273
score: 135.8680177473034
sigma_a: 1.7706e-09
sigma_ad: 2.27e-09
sigma_e: 8.4935e-08
sigma_i: 1.059e-05
sigma_ma: 2.5207e-05
sigma_n: 2.3021e-09
sigma_om: 1.3393e-05
sigma_per: 9.9535e-07
sigma_q: 8.8994e-08
sigma_tp: 2.7465e-05
sigma_w: 2.103e-05
spec: Q
spec_B: Q
spec_T: .nan
spkid: 2219071.0
t_jup: 5.754
tp: 2458038.8398493696
tp_cal: 20171012.3398494
two_body: .nan
w: 357.3715092077739
