A1: .nan
A2: .nan
A3: .nan
BV: .nan
G: .nan
GM: .nan
H: 18.3
H_sigma: .nan
IR: .nan
UB: .nan
a: 2.233788112032645
ad: 3.257552792014403
albedo: .nan
class: AMO
closeness: 2930.47151924759
condition_code: 0.0
data_arc: 4714.0
diameter: .nan
diameter_sigma: .nan
dv: 6.860013
e: 0.4583087690668112
epoch: 2458200.5
epoch_cal: 20180323.0
epoch_mjd: 58200.0
equinox: J2000
est_diameter: 0.750722360083508
extent: .nan
first_obs: '2001-08-04'
full_name: 283460 (2001 PD1)
i: 5.961231196561495
id: a0283460
inexact: .nan
last_obs: '2014-07-01'
ma: 334.4476454153309
moid: 0.239488
moid_jup: 2.26231
moid_ld: 93.20154496
n: 0.2952168288833006
n_del_obs_used: .nan
n_dop_obs_used: .nan
n_obs_used: 459.0
name: .nan
neo: Y
om: 282.0135941474115
orbit_id: JPL 89
pdes: 283460.0
per: 1219.442676631108
per_y: 3.33865209207696
pha: N
prefix: .nan
price: 646078848513.425
producer: Otto Matic
profit: 80757586260.89705
prov_des: 2001 PD1
q: 1.210023432050887
rms: 0.45017
rot_per: 14.58
saved: -543006384034.19293
score: 146.54357596237952
sigma_a: 3.9436e-09
sigma_ad: 5.751e-09
sigma_e: 5.5723e-08
sigma_i: 4.6459e-06
sigma_ma: 6.2654e-06
sigma_n: 7.8178e-10
sigma_om: 6.4249e-05
sigma_per: 3.2293e-06
sigma_q: 1.253e-07
sigma_tp: 2.1242e-05
sigma_w: 6.8717e-05
spec: K
spec_B: K
spec_T: .nan
spkid: 2283460.0
t_jup: 3.488
tp: 2458287.054532414
tp_cal: 20180617.5545324
two_body: .nan
w: 95.29569520535365
