A1: .nan
A2: .nan
A3: .nan
BV: .nan
G: -0.12
GM: .nan
H: 21.9
H_sigma: .nan
IR: .nan
UB: .nan
a: 1.157097131755867
ad: 1.655164446012739
albedo: .nan
class: APO
closeness: 2951.9927365811427
condition_code: 0.0
data_arc: 4019.0
diameter: 0.4
diameter_sigma: .nan
dv: 6.906763
e: 0.4304455525709119
epoch: 2458200.5
epoch_cal: 20180323.0
epoch_mjd: 58200.0
equinox: J2000
est_diameter: .nan
extent: .nan
first_obs: '2005-12-24'
full_name: 308635 (2005 YU55)
i: 0.3403037217792872
id: a0308635
inexact: .nan
last_obs: '2016-12-25'
ma: 88.68052443920662
moid: 0.00047004
moid_jup: 3.61395
moid_ld: 0.1829254668
n: 0.7918617189443053
n_del_obs_used: 9.0
n_dop_obs_used: 10.0
n_obs_used: 3693.0
name: .nan
neo: Y
om: 35.94040320085067
orbit_id: JPL 127
pdes: 308635.0
per: 454.6248308100371
per_y: 1.24469495088306
pha: Y
prefix: .nan
price: 49835891453.2759
producer: Otto Matic
profit: 6232584891.150476
prov_des: 2005 YU55
q: 0.6590298174989958
rms: 0.22642
rot_per: 18.0
saved: -41584095796.375084
score: 147.61963682905716
sigma_a: 4.2646e-09
sigma_ad: 6.1003e-09
sigma_e: 1.6506e-09
sigma_i: 1.1664e-06
sigma_ma: 1.1434e-05
sigma_n: 4.3778e-09
sigma_om: 4.0756e-05
sigma_per: 2.5134e-06
sigma_q: 2.6236e-09
sigma_tp: 1.3821e-05
sigma_w: 4.0729e-05
spec: C
spec_B: C
spec_T: .nan
spkid: 2308635.0
t_jup: 5.348
tp: 2458088.5100877243
tp_cal: 20171201.0100877
two_body: .nan
w: 273.5603979372662
