A1: .nan
A2: .nan
A3: .nan
BV: .nan
G: .nan
GM: .nan
H: 17.9
H_sigma: .nan
IR: .nan
UB: .nan
a: 2.657007876678009
ad: 4.148234658289374
albedo: 0.043
class: AMO
closeness: 2735.6704552859787
condition_code: 0.0
data_arc: 4956.0
diameter: 1.77
diameter_sigma: .nan
dv: 7.795037
e: 0.5612428908098714
epoch: 2458200.5
epoch_cal: 20180323.0
epoch_mjd: 58200.0
equinox: J2000
est_diameter: .nan
extent: .nan
first_obs: '2000-01-28'
full_name: 350513 (2000 BG19)
i: 12.57527302263956
id: a0350513
inexact: .nan
last_obs: '2013-08-23'
ma: 36.85226383008029
moid: 0.277433
moid_jup: 1.21926
moid_ld: 107.96860061
n: 0.2275698960255125
n_del_obs_used: .nan
n_dop_obs_used: .nan
n_obs_used: 274.0
name: .nan
neo: Y
om: 147.5717783824677
orbit_id: JPL 33
pdes: 350513.0
per: 1581.931557237434
per_y: 4.33109255917162
pha: N
prefix: .nan
price: 727448793903.6293
producer: Otto Matic
profit: 74702178638.7885
prov_des: 2000 BG19
q: 1.165781095066645
rms: 0.63228
rot_per: .nan
saved: 10408965795008.107
score: 136.80352276429895
sigma_a: 2.4019e-08
sigma_ad: 3.75e-08
sigma_e: 1.0312e-07
sigma_i: 1.7807e-05
sigma_ma: 2.2291e-05
sigma_n: 3.0859e-09
sigma_om: 3.3378e-05
sigma_per: 2.1451e-05
sigma_q: 2.7376e-07
sigma_tp: 9.5804e-05
sigma_w: 4.6036e-05
spec: X
spec_B: X
spec_T: .nan
spkid: 2350513.0
t_jup: 3.113
tp: 2458038.5617802544
tp_cal: 20171012.0617803
two_body: .nan
w: 79.57778205892362
