A1: .nan
A2: .nan
A3: .nan
BV: .nan
G: .nan
GM: .nan
H: 19.1
H_sigma: .nan
IR: .nan
UB: .nan
a: 1.076438996307364
ad: 1.173402469300249
albedo: 0.11
class: APO
closeness: 2866.181148316511
condition_code: 0.0
data_arc: 4114.0
diameter: .nan
diameter_sigma: .nan
dv: 7.235798
e: 0.09007800100656961
epoch: 2458200.5
epoch_cal: 20180323.0
epoch_mjd: 58200.0
equinox: J2000
est_diameter: 0.6064969739782263
extent: .nan
first_obs: '2000-02-04'
full_name: 363067 (2000 CO101)
i: 15.32242476306109
id: a0363067
inexact: .nan
last_obs: '2011-05-11'
ma: 167.0238872718804
moid: 0.0218388
moid_jup: 3.93971
moid_ld: 8.499005796
n: 0.8825106192590847
n_del_obs_used: 6.0
n_dop_obs_used: 0.0
n_obs_used: 785.0
name: .nan
neo: Y
om: 353.0718008008809
orbit_id: JPL 139
pdes: 363067.0
per: 407.9271026814832
per_y: 1.11684353916902
pha: Y
prefix: .nan
price: 29266348793.29333
producer: Otto Matic
profit: 3392118267.1422515
prov_des: 2000 CO101
q: 0.9794755233144784
rms: 0.35091
rot_per: 5.12
saved: 418768202088.08276
score: 143.32905741582556
sigma_a: 2.2532e-09
sigma_ad: 2.4562e-09
sigma_e: 1.236e-08
sigma_i: 7.0118e-06
sigma_ma: 1.2236e-05
sigma_n: 2.771e-09
sigma_om: 2.3027e-06
sigma_per: 1.2808e-06
sigma_q: 1.3393e-08
sigma_tp: 1.3687e-05
sigma_w: 1.4194e-05
spec: Xk
spec_B: Xk
spec_T: .nan
spkid: 2363067.0
t_jup: 5.708
tp: 2458011.240082185
tp_cal: 20170914.7400822
two_body: .nan
w: 64.94512298637032
