A1: .nan
A2: .nan
A3: .nan
BV: .nan
G: .nan
GM: .nan
H: 18.6
H_sigma: .nan
IR: .nan
UB: .nan
a: 2.691498239637343
ad: 4.235268498298508
albedo: 0.037
class: AMO
closeness: 2774.6444658383903
condition_code: 0.0
data_arc: 4752.0
diameter: 1.312
diameter_sigma: 0.022
dv: 7.491554
e: 0.5735728286670455
epoch: 2458200.5
epoch_cal: 20180323.0
epoch_mjd: 58200.0
equinox: J2000
est_diameter: .nan
extent: .nan
first_obs: '2000-11-21'
full_name: 380188 (2000 WC67)
i: 9.998618049000907
id: a0380188
inexact: .nan
last_obs: '2013-11-25'
ma: 312.8627555857784
moid: 0.232161
moid_jup: 1.15351
moid_ld: 90.35009637
n: 0.2232096280343612
n_del_obs_used: .nan
n_dop_obs_used: .nan
n_obs_used: 145.0
name: .nan
neo: Y
om: 251.7606607270726
orbit_id: JPL 29
pdes: 380188.0
per: 1612.833654041935
per_y: 4.41569788923186
pha: N
prefix: .nan
price: 296267582823.21814
producer: Otto Matic
profit: 32107375139.843155
prov_des: 2000 WC67
q: 1.147727980976179
rms: 0.41824
rot_per: .nan
saved: 4239252524192.306
score: 138.75222329191953
sigma_a: 1.1868e-07
sigma_ad: 1.8675e-07
sigma_e: 1.4938e-07
sigma_i: 2.9776e-05
sigma_ma: 7.5954e-05
sigma_n: 1.4763e-08
sigma_om: 7.0153e-05
sigma_per: 0.00010667
sigma_q: 3.9485e-07
sigma_tp: 0.00035407
sigma_w: 7.8816e-05
spec: X
spec_B: X
spec_T: .nan
spkid: 2380188.0
t_jup: 3.094
tp: 2458411.679261528
tp_cal: 20181020.1792615
two_body: .nan
w: 249.3390712933458
