A1: .nan
A2: .nan
A3: .nan
BV: .nan
G: .nan
GM: .nan
H: 18.6
H_sigma: .nan
IR: .nan
UB: .nan
a: 2.658244045762407
ad: 4.723157343479063
albedo: 0.021
class: APO
closeness: 2702.917027536045
condition_code: 0.0
data_arc: 4832.0
diameter: 1.339
diameter_sigma: 0.561
dv: 8.375813
e: 0.7767959834268793
epoch: 2458200.5
epoch_cal: 20180323.0
epoch_mjd: 58200.0
equinox: J2000
est_diameter: .nan
extent: .nan
first_obs: '2001-12-23'
full_name: 399433 (2001 YK4)
i: 4.3797729635339
id: a0399433
inexact: .nan
last_obs: '2015-03-17'
ma: 286.3492343718088
moid: 0.0645338
moid_jup: 0.736491
moid_ld: 25.114618946
n: 0.2274111734867744
n_del_obs_used: .nan
n_dop_obs_used: .nan
n_obs_used: 163.0
name: .nan
neo: Y
om: 155.7930325902011
orbit_id: JPL 49
pdes: 399433.0
per: 1583.035672699418
per_y: 4.3341154625583
pha: N
prefix: .nan
price: 314937488697.12067
producer: Otto Matic
profit: 29738245488.26865
prov_des: 2001 YK4
q: 0.5933307480457518
rms: 0.62541
rot_per: .nan
saved: 4506397666594.201
score: 135.16585137680227
sigma_a: 4.7025e-08
sigma_ad: 8.3554e-08
sigma_e: 3.8241e-08
sigma_i: 5.4591e-06
sigma_ma: 2.1854e-05
sigma_n: 6.0345e-09
sigma_om: 0.00012681
sigma_per: 4.2007e-05
sigma_q: 1.0898e-07
sigma_tp: 9.0965e-05
sigma_w: 0.000136
spec: X
spec_B: X
spec_T: .nan
spkid: 2399433.0
t_jup: 2.855
tp: 2458524.3660814194
tp_cal: 20190209.8660814
two_body: .nan
w: 210.7220554464261
