A1: .nan
A2: .nan
A3: .nan
BV: .nan
G: .nan
GM: .nan
H: 19.9
H_sigma: .nan
IR: .nan
UB: .nan
a: 1.6206420179286
ad: 2.230361667930684
albedo: .nan
class: APO
closeness: 4598.4429315385505
condition_code: 0.0
data_arc: 2178.0
diameter: .nan
diameter_sigma: .nan
dv: 5.18949
e: 0.3762210551478778
epoch: 2458200.5
epoch_cal: 20180323.0
epoch_mjd: 58200.0
equinox: J2000
est_diameter: 0.35931831251543855
extent: .nan
first_obs: '2011-10-25'
full_name: 436724 (2011 UW158)
i: 4.571690032188174
id: a0436724
inexact: .nan
last_obs: '2017-10-11'
ma: 107.6088975325662
moid: 0.00222549
moid_jup: 2.98146
moid_ld: 0.8660939433
n: 0.4777200092885645
n_del_obs_used: 8.0
n_dop_obs_used: 0.0
n_obs_used: 943.0
name: .nan
neo: Y
om: 285.9913257608865
orbit_id: JPL 137
pdes: 436724.0
per: 753.5794879852808
per_y: 2.06318819434711
pha: Y
prefix: .nan
price: 6693104954.30548
producer: Otto Matic
profit: 1735397619.698521
prov_des: 2011 UW158
q: 1.010922367926516
rms: 0.3356
rot_per: 0.61073
saved: 87088166917.25308
score: 229.93553278683615
sigma_a: 1.2158e-08
sigma_ad: 1.6732e-08
sigma_e: 5.6365e-09
sigma_i: 9.4097e-07
sigma_ma: 5.0268e-06
sigma_n: 5.3757e-09
sigma_om: 2.1364e-06
sigma_per: 8.4798e-06
sigma_q: 6.5284e-09
sigma_tp: 8.293e-06
sigma_w: 4.6543e-06
spec: Xc
spec_B: .nan
spec_T: .nan
spkid: 2436724.0
t_jup: 4.242
tp: 2457975.244839152
tp_cal: 20170809.7448392
two_body: .nan
w: 8.766637603804998
