A1: .nan
A2: .nan
A3: .nan
BV: .nan
G: .nan
GM: .nan
H: 19.5
H_sigma: .nan
IR: .nan
UB: .nan
a: 1.733256959953791
ad: 2.37501713509111
albedo: .nan
class: AMO
closeness: 2755.0056134569827
condition_code: 0.0
data_arc: 6041.0
diameter: .nan
diameter_sigma: .nan
dv: 7.787901
e: 0.3702625692352207
epoch: 2458200.5
epoch_cal: 20180323.0
epoch_mjd: 58200.0
equinox: J2000
est_diameter: 0.43199562784405615
extent: .nan
first_obs: '1999-10-16'
full_name: 446804 (1999 VN6)
i: 19.48359383409795
id: a0446804
inexact: .nan
last_obs: '2016-04-30'
ma: 351.8009919216486
moid: 0.167186
moid_jup: 2.94163
moid_ld: 65.06377562
n: 0.4319262956714249
n_del_obs_used: .nan
n_dop_obs_used: .nan
n_obs_used: 292.0
name: .nan
neo: Y
om: 58.07600919852373
orbit_id: JPL 43
pdes: 446804.0
per: 833.4755341542328
per_y: 2.28193164723952
pha: N
prefix: .nan
price: 62776964409.4317
producer: Otto Matic
profit: 6498118366.853131
prov_des: 1999 VN6
q: 1.091496784816472
rms: 0.47361
rot_per: 24.1
saved: -52382394007.23788
score: 137.77028067284914
sigma_a: 1.743e-09
sigma_ad: 2.3884e-09
sigma_e: 5.267e-08
sigma_i: 1.214e-05
sigma_ma: 1.2122e-05
sigma_n: 6.5155e-10
sigma_om: 1.1601e-05
sigma_per: 1.2573e-06
sigma_q: 9.1075e-08
sigma_tp: 2.8074e-05
sigma_w: 2.5057e-05
spec: C
spec_B: C
spec_T: .nan
spkid: 2446804.0
t_jup: 4.013
tp: 2458219.4824239933
tp_cal: 20180410.982424
two_body: .nan
w: 43.56882998029864
