A1: .nan
A2: .nan
A3: .nan
BV: .nan
G: .nan
GM: .nan
H: 20.4
H_sigma: .nan
IR: .nan
UB: .nan
a: 1.137303299134252
ad: 1.326712816366323
albedo: .nan
class: APO
closeness: 3467.3827927560874
condition_code: 0.0
data_arc: 6521.0
diameter: .nan
diameter_sigma: .nan
dv: 6.014526
e: 0.1665426604989666
epoch: 2458200.5
epoch_cal: 20180323.0
epoch_mjd: 58200.0
equinox: J2000
est_diameter: 0.28541668088449595
extent: .nan
first_obs: '2000-02-04'
full_name: 483422 (2000 CE59)
i: 12.26437511995548
id: a0483422
inexact: .nan
last_obs: '2017-12-12'
ma: 226.1810586244142
moid: 0.00822424
moid_jup: 3.76377
moid_ld: 3.2006274808
n: 0.8126239641387855
n_del_obs_used: 3.0
n_dop_obs_used: 2.0
n_obs_used: 353.0
name: .nan
neo: Y
om: 318.6566220301333
orbit_id: JPL 90
pdes: 483422.0
per: 443.0093325902911
per_y: 1.2128934499392
pha: Y
prefix: .nan
price: 10652332882.850592
producer: Otto Matic
profit: 1796926664.1531377
prov_des: 2000 CE59
q: 0.9478937819021819
rms: 0.44612
rot_per: .nan
saved: -17622002111.915695
score: 173.3891396378044
sigma_a: 4.5504e-10
sigma_ad: 5.3083e-10
sigma_e: 2.7663e-08
sigma_i: 6.9566e-06
sigma_ma: 1.6658e-05
sigma_n: 4.877e-10
sigma_om: 7.8777e-06
sigma_per: 2.6588e-07
sigma_q: 3.1629e-08
sigma_tp: 2.0558e-05
sigma_w: 1.9251e-05
spec: L
spec_B: L
spec_T: .nan
spkid: 2483422.0
t_jup: 5.476
tp: 2458365.175110852
tp_cal: 20180903.6751109
two_body: .nan
w: 307.4436335024041
