A1: .nan
A2: .nan
A3: .nan
BV: .nan
G: .nan
GM: .nan
H: 19.9
H_sigma: .nan
IR: .nan
UB: .nan
a: 2.945315633847365
ad: 4.638473159623449
albedo: 0.177
class: AMO
closeness: 2713.280151428009
condition_code: 0.0
data_arc: 1865.0
diameter: 0.34
diameter_sigma: 0.06
dv: 7.98356
e: 0.5748645429774769
epoch: 2458200.5
epoch_cal: 20180323.0
epoch_mjd: 58200.0
equinox: J2000
est_diameter: .nan
extent: .nan
first_obs: '2001-08-20'
full_name: (2001 SJ262)
i: 10.80176357195476
id: bK01SQ2J
inexact: .nan
last_obs: '2006-09-28'
ma: 89.50050376240883
moid: 0.257706
moid_jup: 0.882779
moid_ld: 100.29144402
n: 0.1949872929501336
n_del_obs_used: .nan
n_dop_obs_used: .nan
n_obs_used: 118.0
name: .nan
neo: Y
om: 210.4293347745702
orbit_id: JPL 32
pdes: 2001 SJ262
per: 1846.274157424541
per_y: 5.05482315516644
pha: N
prefix: .nan
price: 30605466838.74306
producer: Otto Matic
profit: 3043562981.46495
prov_des: 2001 SJ262
q: 1.252158108071282
rms: 0.59259
rot_per: .nan
saved: -25537832830.94885
score: 135.68400757140046
sigma_a: 2.2862e-07
sigma_ad: 3.6005e-07
sigma_e: 1.2116e-07
sigma_i: 1.7651e-05
sigma_ma: 0.00014605
sigma_n: 2.2703e-08
sigma_om: 3.8421e-05
sigma_per: 0.00021497
sigma_q: 4.1624e-07
sigma_tp: 0.00069562
sigma_w: 0.00011756
spec: C
spec_B: C
spec_T: .nan
spkid: 3092337.0
t_jup: 2.976
tp: 2457741.4931467418
tp_cal: 20161218.9931467
two_body: .nan
w: 164.8855901038839
