A1: .nan
A2: .nan
A3: .nan
BV: .nan
G: .nan
GM: .nan
H: 20.1
H_sigma: .nan
IR: .nan
UB: .nan
a: 1.832304546059578
ad: 2.646359062952519
albedo: 0.023
class: AMO
closeness: 2877.624681831051
condition_code: 0.0
data_arc: 1829.0
diameter: 0.84
diameter_sigma: .nan
dv: 7.072786
e: 0.4442790466484337
epoch: 2458200.5
epoch_cal: 20180323.0
epoch_mjd: 58200.0
equinox: J2000
est_diameter: .nan
extent: .nan
first_obs: '2002-01-26'
full_name: (2002 BM26)
i: 16.21326022992531
id: bK02B26M
inexact: .nan
last_obs: '2007-01-29'
ma: 176.8132525777457
moid: 0.0313698
moid_jup: 2.39788
moid_ld: 12.208185066
n: 0.3973814455178514
n_del_obs_used: 2.0
n_dop_obs_used: 2.0
n_obs_used: 243.0
name: .nan
neo: Y
om: 319.6419531415389
orbit_id: JPL 21
pdes: 2002 BM26
per: 905.9305713956086
per_y: 2.4803027279825
pha: Y
prefix: .nan
price: 77753596637.3021
producer: Otto Matic
profit: 9256554441.37761
prov_des: 2002 BM26
q: 1.018250029166638
rms: 0.41914
rot_per: 2.7
saved: 1112565632961.588
score: 143.90123409155257
sigma_a: 8.355e-09
sigma_ad: 1.2067e-08
sigma_e: 1.4084e-08
sigma_i: 1.4494e-05
sigma_ma: 2.2467e-05
sigma_n: 2.718e-09
sigma_om: 6.4682e-06
sigma_per: 6.1964e-06
sigma_q: 2.541e-08
sigma_tp: 5.3959e-05
sigma_w: 3.6044e-05
spec: X
spec_B: X
spec_T: .nan
spkid: 3102786.0
t_jup: 3.861
tp: 2457755.5540807275
tp_cal: 20170102.0540807
two_body: .nan
w: 180.4569020329397
