A1: .nan
A2: .nan
A3: .nan
BV: .nan
G: .nan
GM: .nan
H: 20.9
H_sigma: .nan
IR: .nan
UB: .nan
a: 2.466426979780002
ad: 4.095867474851278
albedo: .nan
class: APO
closeness: 2876.288778115405
condition_code: 0.0
data_arc: 1283.0
diameter: .nan
diameter_sigma: .nan
dv: 7.04472
e: 0.6606481799094729
epoch: 2458200.5
epoch_cal: 20180323.0
epoch_mjd: 58200.0
equinox: J2000
est_diameter: 0.22671452828784544
extent: .nan
first_obs: '2002-01-05'
full_name: (2002 AV)
i: 2.841923620340043
id: bK02A00V
inexact: .nan
last_obs: '2005-07-11'
ma: 78.38185211355596
moid: 0.0189441
moid_jup: 1.31462
moid_ld: 7.372475397
n: 0.2544495459763665
n_del_obs_used: 2.0
n_dop_obs_used: 3.0
n_obs_used: 216.0
name: .nan
neo: Y
om: 124.0095832038263
orbit_id: JPL 30
pdes: 2002 AV
per: 1414.81879489554
per_y: 3.87356275125404
pha: Y
prefix: .nan
price: 17794489091.95352
producer: Otto Matic
profit: 2125883760.352125
prov_des: 2002 AV
q: 0.8369864847087253
rms: 0.57238
rot_per: .nan
saved: -14955637690.028465
score: 143.83443890577027
sigma_a: 9.4282e-08
sigma_ad: 1.5657e-07
sigma_e: 6.3003e-08
sigma_i: 1.5267e-05
sigma_ma: 9.5245e-05
sigma_n: 1.459e-08
sigma_om: 8.9149e-05
sigma_per: 8.1124e-05
sigma_q: 1.6618e-07
sigma_tp: 0.00035666
sigma_w: 8.5531e-05
spec: K
spec_B: K
spec_T: .nan
spkid: 3102724.0
t_jup: 3.142
tp: 2457892.4552290305
tp_cal: 20170518.955229
two_body: .nan
w: 285.6134359362769
